-2.0, -0.5, -0.5, 0.01
-2.0, -0.5, -0.5, 0.01
-2.0, -0.5, -0.5, 0.01
-2.0, -0.5, -0.5, 0.01
-2.0, -0.5, -0.5, 0.01, -2.0, -0.5, -0.5, 0.6783050952997721, -2.0, -0.5, -0.5, 10.864749415224322, -2.043874781889822, -0.8655106967211117, -0.31836720353325215, 9.445796868430898
-2.0, -0.5, -0.5, 0.01
-2.0, -0.5, -0.5, 0.01
-2.0, -0.5, -0.5, 0.01
-2.0, -0.5, -0.5, 0.01
-2.0, -0.5, -0.5, 0.01
-2.0, -0.5, -0.5, 0.01
-2.0, -0.5, -0.5, 0.01
-2.0, -0.5, -0.5, 0.01
-2.0, -0.5, -0.5, 0.01, -2.0, -0.5, -0.5, 5.484004012051495, -2.0, -0.5, -0.5, 4.244146893802877, -2.0, -0.5, -0.5, 2.285317645945791, -2.0, -0.5, -0.5, 1.254614771171539, -2.0, -0.5, -0.5, 0.9851281712425621, -2.0, -0.5, -0.5, 0.7043513413527255, -2.0, -0.5, -0.5, 0.3091987604071397, -1.9885286721723836, -0.529998193770671, -0.49735224232104597, 0.02887280196882441, -1.9885286721723836, -0.529998193770671, -0.49735224232104597, 0.07397610704731268, -1.9885286721723836, -0.529998193770671, -0.49735224232104597, 0.13033532838291403, -1.9885286721723836, -0.529998193770671, -0.49735224232104597, 0.15620575577384285, -1.9885286721723836, -0.529998193770671, -0.49735224232104597, 0.18305599276602552, -1.9885286721723836, -0.529998193770671, -0.49735224232104597, 0.20603477196517436, -1.9885286721723836, -0.529998193770671, -0.49735224232104597, 0.22367741359906632, -1.9885286721723836, -0.529998193770671, -0.49735224232104597, 0.23638703497045854, -1.9885286721723836, -0.529998193770671, -0.49735224232104597, 0.2448260729387559, -1.9885286721723836, -0.529998193770671, -0.49735224232104597, 0.2504085430484848, -1.9885286721723836, -0.529998193770671, -0.49735224232104597, 0.2541013526969474, -1.9885286721723836, -0.529998193770671, -0.49735224232104597, 0.2565491284481164, -1.9885286721723836, -0.529998193770671, -0.49735224232104597, 0.2581759237648716, -1.9885286721723836, -0.529998193770671, -0.49735224232104597, 0.2592602287893317, -1.9885286721723836, -0.529998193770671, -0.49735224232104597, 0.25998511170590566, -1.9885286721723836, -0.529998193770671, -0.49735224232104597, 0.26047109850549105, -1.9885286721723836, -0.529998193770671, -0.49735224232104597, 0.26079787247888836, -1.9885286721723836, -0.529998193770671, -0.49735224232104597, 0.26101822952385156, -1.9885286721723836, -0.529998193770671, -0.49735224232104597, 0.26116728336405426, -1.9885286721723836, -0.529998193770671, -0.49735224232104597, 0.2612684417130495, -1.9885286721723836, -0.529998193770671, -0.49735224232104597, 0.2613376625975579, -1.9885286721723836, -0.529998193770671, -0.49735224232104597, 0.26138487438459473, -1.9885286721723836, -0.529998193770671, -0.49735224232104597, 0.26141727323024944, -1.9885286721723836, -0.529998193770671, -0.49735224232104597, 0.26143990513302845, -1.9885286721723836, -0.529998193770671, -0.49735224232104597, 0.2614554180540109, -1.9885286721723836, -0.529998193770671, -0.49735224232104597, 0.2614666021646799, -1.9885286721723836, -0.529998193770671, -0.49735224232104597, 0.26147465953881177, -1.9885286721723836, -0.529998193770671, -0.49735224232104597, 0.26148057567632055, -1.9885286721723836, -0.529998193770671, -0.49735224232104597, 0.26148502229842197, -1.9885286721723836, -0.529998193770671, -0.49735224232104597, 0.2614884557645049, -1.9885286721723836, -0.529998193770671, -0.49735224232104597, 0.26149118654449943, -1.9885286721723836, -0.529998193770671, -0.49735224232104597, 0.2614934261658558, -1.9885286721723836, -0.529998193770671, -0.49735224232104597, 0.2614953192053235, -1.9885286721723836, -0.529998193770671, -0.49735224232104597, 0.2614969638872908, -1.9885286721723836, -0.529998193770671, -0.49735224232104597, 0.2614984277190488, -1.9885286721723836, -0.529998193770671, -0.49735224232104597, 0.2614997583903234, -1.9885286721723836, -0.529998193770671, -0.49735224232104597, 0.2615009868318227, -1.9885286721723836, -0.529998193770671, -0.49735224232104597, 0.26150213626769225, -1.9885286721723836, -0.529998193770671, -0.49735224232104597, 0.2615032206847192, -1.9885286721723836, -0.529998193770671, -0.49735224232104597, 0.2615042524793176, -1.9885286721723836, -0.529998193770671, -0.49735224232104597, 0.26150523910119283, -1.9885286721723836, -0.529998193770671, -0.49735224232104597, 0.26150618555254856, -1.9885286721723836, -0.529998193770671, -0.49735224232104597, 0.26150709772790703, -1.9885286721723836, -0.529998193770671, -0.49735224232104597, 0.2615079775507459, -1.9885286721723836, -0.529998193770671, -0.49735224232104597, 0.2615088268724495, -1.9885286721723836, -0.529998193770671, -0.49735224232104597, 0.2615096487157708, -1.9885286721723836, -0.529998193770671, -0.49735224232104597, 0.2615104442962337, -1.9885286721723836, -0.529998193770671, -0.49735224232104597, 0.26151121459381704, -1.9885286721723836, -0.529998193770671, -0.49735224232104597, 0.2615119619671474, -1.9885286721723836, -0.529998193770671, -0.49735224232104597, 0.26151268626813656, -1.9885286721723836, -0.529998193770671, -0.49735224232104597, 0.26151338938720736, -1.9885286721723836, -0.529998193770671, -0.49735224232104597, 0.261514070601242, -1.9885286721723836, -0.529998193770671, -0.49735224232104597, 0.26151473213543464, -1.9885286721723836, -0.529998193770671, -0.49735224232104597, 0.26151537435534256, -1.9885286721723836, -0.529998193770671, -0.49735224232104597, 0.26151599729606473, -1.9885286721723836, -0.529998193770671, -0.49735224232104597, 0.261516603337175, -1.9885286721723836, -0.529998193770671, -0.49735224232104597, 0.2615171918779195, -1.9885286721723836, -0.529998193770671, -0.49735224232104597, 0.261517762931008, -1.9885286721723836, -0.529998193770671, -0.49735224232104597, 0.26151831815361354, -1.9885286721723836, -0.529998193770671, -0.49735224232104597, 0.2615188577214421, -1.9885286721723836, -0.529998193770671, -0.49735224232104597, 0.26151938180255585, -1.9885286721723836, -0.529998193770671, -0.49735224232104597, 0.26151989244935386, -1.9885286721723836, -0.529998193770671, -0.49735224232104597, 0.2615203880486497, -1.9885286721723836, -0.529998193770671, -0.49735224232104597, 0.26152087029745397, -1.9885286721723836, -0.529998193770671, -0.49735224232104597, 0.26152133936279714, -1.9885286721723836, -0.529998193770671, -0.49735224232104597, 0.2615217953192724, -1.9885286721723836, -0.529998193770671, -0.49735224232104597, 0.2615222397853283, -1.9885286721723836, -0.529998193770671, -0.49735224232104597, 0.2615226719885465, -1.9885286721723836, -0.529998193770671, -0.49735224232104597, 0.26152309328173995, -1.9885286721723836, -0.529998193770671, -0.49735224232104597, 0.2615235024656943, -1.9885286721723836, -0.529998193770671, -0.49735224232104597, 0.2615239013387697, -1.9885286721723836, -0.529998193770671, -0.49735224232104597, 0.26152428987536186, -1.9885286721723836, -0.529998193770671, -0.49735224232104597, 0.26152466774841343, -1.9885286721723836, -0.529998193770671, -0.49735224232104597, 0.261525037000448, -1.9885286721723836, -0.529998193770671, -0.49735224232104597, 0.2615253967121659, -1.9885286721723836, -0.529998193770671, -0.49735224232104597, 0.2615257465951913, -1.9885286721723836, -0.529998193770671, -0.49735224232104597, 0.26152608802172567, -1.9885286721723836, -0.529998193770671, -0.49735224232104597, 0.26152642089524714, -1.9885286721723836, -0.529998193770671, -0.49735224232104597, 0.26152674512404117, -3.349052723108072, -1.2876117684219923, -0.7524540112412723, 11.333294788995579, -3.349052723108072, -1.2876117684219923, -0.7524540112412723, 9.53921265012396, -3.349052723108072, -1.2876117684219923, -0.7524540112412723, 10.888456226620683, -3.349052723108072, -1.2876117684219923, -0.7524540112412723, 4.632557605500017, -3.349052723108072, -1.2876117684219923, -0.7524540112412723, 3.233640023486361, -3.349052723108072, -1.2876117684219923, -0.7524540112412723, 3.877937807845699, -3.349052723108072, -1.2876117684219923, -0.7524540112412723, 3.586806382792559, -3.349052723108072, -1.2876117684219923, -0.7524540112412723, 2.910568127091571, -3.349052723108072, -1.2876117684219923, -0.7524540112412723, 1.711933972687061, -3.349052723108072, -1.2876117684219923, -0.7524540112412723, 0.5068829180203086, -3.2107874204147167, -1.2595756789849935, -0.7525074720307579, 0.0019538295758733176, -3.2107874204147167, -1.2595756789849935, -0.7525074720307579, 0.09026755680106796, -3.2107874204147167, -1.2595756789849935, -0.7525074720307579, 0.1597570021481646, -3.2107874204147167, -1.2595756789849935, -0.7525074720307579, 0.2038467723316516, -3.2107874204147167, -1.2595756789849935, -0.7525074720307579, 0.24352089776707503, -3.2107874204147167, -1.2595756789849935, -0.7525074720307579, 0.25874438562686913, -3.2107874204147167, -1.2595756789849935, -0.7525074720307579, 0.2658559612765021, -3.2107874204147167, -1.2595756789849935, -0.7525074720307579, 0.26856984012633256, -3.2107874204147167, -1.2595756789849935, -0.7525074720307579, 0.2685372386663858, -3.2107874204147167, -1.2595756789849935, -0.7525074720307579, 0.26698945519395667, -3.2107874204147167, -1.2595756789849935, -0.7525074720307579, 0.26481375755284764, -3.2107874204147167, -1.2595756789849935, -0.7525074720307579, 0.26251132358204987, -3.2107874204147167, -1.2595756789849935, -0.7525074720307579, 0.26034432099269755, -3.2107874204147167, -1.2595756789849935, -0.7525074720307579, 0.25843199842576026, -3.2107874204147167, -1.2595756789849935, -0.7525074720307579, 0.25681171719714546, -3.2107874204147167, -1.2595756789849935, -0.7525074720307579, 0.25547675012762566, -3.2107874204147167, -1.2595756789849935, -0.7525074720307579, 0.25439904875241864, -3.2107874204147167, -1.2595756789849935, -0.7525074720307579, 0.25354240219403906, -3.2107874204147167, -1.2595756789849935, -0.7525074720307579, 0.2528696760460392, -3.2107874204147167, -1.2595756789849935, -0.7525074720307579, 0.2523465118127165, -3.2107874204147167, -1.2595756789849935, -0.7525074720307579, 0.25194293279854996, -3.2107874204147167, -1.2595756789849935, -0.7525074720307579, 0.2516337157757428, -3.2107874204147167, -1.2595756789849935, -0.7525074720307579, 0.2513981744578653, -3.2107874204147167, -1.2595756789849935, -0.7525074720307579, 0.2512196860233911, -3.2107874204147167, -1.2595756789849935, -0.7525074720307579, 0.2510850661340216, -3.2107874204147167, -1.2595756789849935, -0.7525074720307579, 0.2509839899096265, -3.2107874204147167, -1.2595756789849935, -0.7525074720307579, 0.25090843374566574, -3.2107874204147167, -1.2595756789849935, -0.7525074720307579, 0.25085221517351725, -3.2107874204147167, -1.2595756789849935, -0.7525074720307579, 0.25081059657288785, -3.2107874204147167, -1.2595756789849935, -0.7525074720307579, 0.25077996757345095, -3.2107874204147167, -1.2595756789849935, -0.7525074720307579, 0.2507575884462896, -3.2107874204147167, -1.2595756789849935, -0.7525074720307579, 0.25074138783503047, -3.2107874204147167, -1.2595756789849935, -0.7525074720307579, 0.25072980465245553, -3.2107874204147167, -1.2595756789849935, -0.7525074720307579, 0.25072166522155537, -3.2107874204147167, -1.2595756789849935, -0.7525074720307579, 0.2507160913197025, -3.2107874204147167, -1.2595756789849935, -0.7525074720307579, 0.25071242200743776, -3.2107874204147167, -1.2595756789849935, -0.7525074720307579, 0.25071016703088794, -3.2107874204147167, -1.2595756789849935, -0.7525074720307579, 0.250708959103532, -3.2107874204147167, -1.2595756789849935, -0.7525074720307579, 0.250708524562655, -3.2107874204147167, -1.2595756789849935, -0.7525074720307579, 0.2507086610417745, -3.2107874204147167, -1.2595756789849935, -0.7525074720307579, 0.2507092162600887, -3.2107874204147167, -1.2595756789849935, -0.7525074720307579, 0.2507100786958391, -3.2107874204147167, -1.2595756789849935, -0.7525074720307579, 0.25071116358701795, -3.2107874204147167, -1.2595756789849935, -0.7525074720307579, 0.2507124102785103, -3.2107874204147167, -1.2595756789849935, -0.7525074720307579, 0.2507137725523071, -3.2107874204147167, -1.2595756789849935, -0.7525074720307579, 0.2507152158335185, -3.2107874204147167, -1.2595756789849935, -0.7525074720307579, 0.2507167163789552, -3.2107874204147167, -1.2595756789849935, -0.7525074720307579, 0.2507182544947891, -3.2107874204147167, -1.2595756789849935, -0.7525074720307579, 0.250719815891294, -3.2107874204147167, -1.2595756789849935, -0.7525074720307579, 0.2507213912960383, -3.2107874204147167, -1.2595756789849935, -0.7525074720307579, 0.2507229728801485, -3.2107874204147167, -1.2595756789849935, -0.7525074720307579, 0.2507245548176119, -3.2107874204147167, -1.2595756789849935, -0.7525074720307579, 0.2507261340741803, -3.2107874204147167, -1.2595756789849935, -0.7525074720307579, 0.2507277067142086, -3.2107874204147167, -1.2595756789849935, -0.7525074720307579, 0.2507292714213672, -3.2107874204147167, -1.2595756789849935, -0.7525074720307579, 0.2507308253550153, -3.2107874204147167, -1.2595756789849935, -0.7525074720307579, 0.2507323686639071, -3.2107874204147167, -1.2595756789849935, -0.7525074720307579, 0.2507339003115245, -3.2107874204147167, -1.2595756789849935, -0.7525074720307579, 0.25073541927439785, -3.2107874204147167, -1.2595756789849935, -0.7525074720307579, 0.25073692672252595, -3.2107874204147167, -1.2595756789849935, -0.7525074720307579, 0.25073842148657033, -3.2107874204147167, -1.2595756789849935, -0.7525074720307579, 0.2507399030436285, -3.2107874204147167, -1.2595756789849935, -0.7525074720307579, 0.25074137235987465, -3.2107874204147167, -1.2595756789849935, -0.7525074720307579, 0.250742829232203, -3.2107874204147167, -1.2595756789849935, -0.7525074720307579, 0.25074427351571266, -3.2107874204147167, -1.2595756789849935, -0.7525074720307579, 0.2507457064120985, -3.2107874204147167, -1.2595756789849935, -0.7525074720307579, 0.2507471271477586, -3.2107874204147167, -1.2595756789849935, -0.7525074720307579, 0.25074853676724784, -3.2107874204147167, -1.2595756789849935, -0.7525074720307579, 0.25074993419221714, -3.2107874204147167, -1.2595756789849935, -0.7525074720307579, 0.25075132088740276, -3.2107874204147167, -1.2595756789849935, -0.7525074720307579, 0.25075269679705525, -3.2107874204147167, -1.2595756789849935, -0.7525074720307579, 0.2507540616258133, -3.2107874204147167, -1.2595756789849935, -0.7525074720307579, 0.2507554170830133, -3.2107874204147167, -1.2595756789849935, -0.7525074720307579, 0.2507567623932956, -3.2107874204147167, -1.2595756789849935, -0.7525074720307579, 0.25075809731882265, -3.2107874204147167, -1.2595756789849935, -0.7525074720307579, 0.2507594230272169, -3.2107874204147167, -1.2595756789849935, -0.7525074720307579, 0.250760739452548, -3.2107874204147167, -1.2595756789849935, -0.7525074720307579, 0.2507620465371869, -3.2107874204147167, -1.2595756789849935, -0.7525074720307579, 0.250763345532612
-2.0, -0.5, -0.5, 0.01
-2.0, -0.5, -0.5, 0.01
-2.0, -0.5, -0.5, 0.01
-2.0, -0.5, -0.5, 0.01
-2.0, -0.5, -0.5, 0.01
-2.0, -0.5, -0.5, 0.01
-2.0, -0.5, -0.5, 0.01
-2.0, -0.5, -0.5, 0.01
-2.0, -0.5, -0.5, 0.01, -1.7562856939921114, 0.17433847817399317, -0.4715332154133671, 4.905992357394811
-2.0, -0.5, -0.5, 0.01
-2.0, -0.5, -0.5, 0.01
-2.0, -0.5, -0.5, 0.01
-2.0, -0.5, -0.5, 0.01
