-2.0, -0.5, -0.5, 0.01
-2.0, -0.5, -0.5, 0.01
-2.0, -0.5, -0.5, 0.01
-2.0, -0.5, -0.5, 0.01
-2.0, -0.5, -0.5, 0.01, -2.0, -0.5, -0.5, 0.6783050952997721, -2.0, -0.5, -0.5, 10.864749415224322, -2.043874781889822, -0.8655106967211117, -0.31836720353325215, 9.445796868430898, -1.860882430160323, -0.3679264783599112, -0.047513829611480485, 2.530662523231817, -1.860882430160323, -0.3679264783599112, -0.047513829611480485, 1.5042451907796643, -1.860882430160323, -0.3679264783599112, -0.047513829611480485, 1.829785448115696, -1.860882430160323, -0.3679264783599112, -0.047513829611480485, 2.3436982224063256, -1.860882430160323, -0.3679264783599112, -0.047513829611480485, 2.6393440452966304, -1.9656265106067259, -0.5634241021355374, -0.2919991614211436, 0.9599011130143296, -1.9656265106067259, -0.5634241021355374, -0.2919991614211436, 1.3799158792506132, -1.9656265106067259, -0.5634241021355374, -0.2919991614211436, 1.8416759743354774, -1.9656265106067259, -0.5634241021355374, -0.2919991614211436, 2.265804389269626, -1.9656265106067259, -0.5634241021355374, -0.2919991614211436, 2.546250041536394, -1.965626510606726, -0.5634241021355373, -0.2919991614211435, 0.6423229268800579, -1.965626510606726, -0.5634241021355373, -0.2919991614211435, 1.030054534717556, -1.965626510606726, -0.5634241021355373, -0.2919991614211435, 1.2281595991920653, -1.965626510606726, -0.5634241021355373, -0.2919991614211435, 1.530876930114109, -1.965626510606726, -0.5634241021355373, -0.2919991614211435, 1.8876700061974712, -1.965626510606726, -0.5634241021355373, -0.2919991614211435, 2.21259416169727
-2.0, -0.5, -0.5, 0.01, -0.4557786594734512, -1.2860850671825195, -0.850365028007644, 7.906077903822391, -0.4921981736808685, -1.3128103123856778, -0.8291729787220118, 1.357066659891449, -0.4921981736808685, -1.3128103123856778, -0.8291729787220118, 0.15989002426130128, -0.4921981736808685, -1.3128103123856778, -0.8291729787220118, 0.5377996555601305, -0.4381291071175724, -1.3990072204911088, -0.8154873927606374, 2.176001187173493
-2.0, -0.5, -0.5, 0.01
-2.0, -0.5, -0.5, 0.01
-2.0, -0.5, -0.5, 0.01
-2.0, -0.5, -0.5, 0.01
-2.0, -0.5, -0.5, 0.01
-2.0, -0.5, -0.5, 0.01
-2.0, -0.5, -0.5, 0.01
-2.0, -0.5, -0.5, 0.01, -2.0, -0.5, -0.5, 5.484004012051495, -2.0, -0.5, -0.5, 4.244146893802877, -2.0, -0.5, -0.5, 2.285317645945791, -2.0, -0.5, -0.5, 1.254614771171539, -2.0, -0.5, -0.5, 0.9851281712425621, -2.0, -0.5, -0.5, 0.7043513413527255, -2.0, -0.5, -0.5, 0.3091987604071397, -1.9885286721723836, -0.529998193770671, -0.49735224232104597, 0.02887280196882441, -1.9885286721723836, -0.529998193770671, -0.49735224232104597, 0.07397610704731268, -1.9885286721723836, -0.529998193770671, -0.49735224232104597, 0.13033532838291403, -1.9885286721723836, -0.529998193770671, -0.49735224232104597, 0.15620575577384285, -1.9885286721723836, -0.529998193770671, -0.49735224232104597, 0.18305599276602552, -1.9885286721723836, -0.529998193770671, -0.49735224232104597, 0.20603477196517436, -1.9885286721723836, -0.529998193770671, -0.49735224232104597, 0.22367741359906632, -1.9885286721723836, -0.529998193770671, -0.49735224232104597, 0.23638703497045854, -1.9885286721723836, -0.529998193770671, -0.49735224232104597, 0.2448260729387559, -1.9885286721723836, -0.529998193770671, -0.49735224232104597, 0.2504085430484848, -1.9885286721723836, -0.529998193770671, -0.49735224232104597, 0.2541013526969474, -1.9885286721723836, -0.529998193770671, -0.49735224232104597, 0.2565491284481164, -1.9885286721723836, -0.529998193770671, -0.49735224232104597, 0.2581759237648716, -1.9885286721723836, -0.529998193770671, -0.49735224232104597, 0.2592602287893317, -1.9885286721723836, -0.529998193770671, -0.49735224232104597, 0.25998511170590566, -1.9885286721723836, -0.529998193770671, -0.49735224232104597, 0.26047109850549105, -1.9885286721723836, -0.529998193770671, -0.49735224232104597, 0.26079787247888836, -1.9885286721723836, -0.529998193770671, -0.49735224232104597, 0.26101822952385156, -1.9885286721723836, -0.529998193770671, -0.49735224232104597, 0.26116728336405426, -1.9885286721723836, -0.529998193770671, -0.49735224232104597, 0.2612684417130495, -1.9885286721723836, -0.529998193770671, -0.49735224232104597, 0.2613376625975579, -1.9885286721723836, -0.529998193770671, -0.49735224232104597, 0.26138487438459473, -1.9885286721723836, -0.529998193770671, -0.49735224232104597, 0.26141727323024944, -1.9885286721723836, -0.529998193770671, -0.49735224232104597, 0.26143990513302845, -1.9885286721723836, -0.529998193770671, -0.49735224232104597, 0.2614554180540109, -1.9885286721723836, -0.529998193770671, -0.49735224232104597, 0.2614666021646799, -1.9885286721723836, -0.529998193770671, -0.49735224232104597, 0.26147465953881177, -1.9885286721723836, -0.529998193770671, -0.49735224232104597, 0.26148057567632055, -1.9885286721723836, -0.529998193770671, -0.49735224232104597, 0.26148502229842197, -1.9885286721723836, -0.529998193770671, -0.49735224232104597, 0.2614884557645049, -1.9885286721723836, -0.529998193770671, -0.49735224232104597, 0.26149118654449943, -1.9885286721723836, -0.529998193770671, -0.49735224232104597, 0.2614934261658558, -1.9885286721723836, -0.529998193770671, -0.49735224232104597, 0.2614953192053235, -1.9885286721723836, -0.529998193770671, -0.49735224232104597, 0.2614969638872908, -1.9885286721723836, -0.529998193770671, -0.49735224232104597, 0.2614984277190488, -1.9885286721723836, -0.529998193770671, -0.49735224232104597, 0.2614997583903234, -1.9885286721723836, -0.529998193770671, -0.49735224232104597, 0.2615009868318227, -1.9885286721723836, -0.529998193770671, -0.49735224232104597, 0.26150213626769225, -1.9885286721723836, -0.529998193770671, -0.49735224232104597, 0.2615032206847192, -1.9885286721723836, -0.529998193770671, -0.49735224232104597, 0.2615042524793176, -1.9885286721723836, -0.529998193770671, -0.49735224232104597, 0.26150523910119283, -1.9885286721723836, -0.529998193770671, -0.49735224232104597, 0.26150618555254856, -1.9885286721723836, -0.529998193770671, -0.49735224232104597, 0.26150709772790703, -1.9885286721723836, -0.529998193770671, -0.49735224232104597, 0.2615079775507459, -1.9885286721723836, -0.529998193770671, -0.49735224232104597, 0.2615088268724495, -1.9885286721723836, -0.529998193770671, -0.49735224232104597, 0.2615096487157708, -1.9885286721723836, -0.529998193770671, -0.49735224232104597, 0.2615104442962337, -1.9885286721723836, -0.529998193770671, -0.49735224232104597, 0.26151121459381704, -1.9885286721723836, -0.529998193770671, -0.49735224232104597, 0.2615119619671474, -1.9885286721723836, -0.529998193770671, -0.49735224232104597, 0.26151268626813656, -1.9885286721723836, -0.529998193770671, -0.49735224232104597, 0.26151338938720736, -1.9885286721723836, -0.529998193770671, -0.49735224232104597, 0.261514070601242, -1.9885286721723836, -0.529998193770671, -0.49735224232104597, 0.26151473213543464, -1.9885286721723836, -0.529998193770671, -0.49735224232104597, 0.26151537435534256, -1.9885286721723836, -0.529998193770671, -0.49735224232104597, 0.26151599729606473, -1.9885286721723836, -0.529998193770671, -0.49735224232104597, 0.261516603337175, -1.9885286721723836, -0.529998193770671, -0.49735224232104597, 0.2615171918779195, -1.9885286721723836, -0.529998193770671, -0.49735224232104597, 0.261517762931008, -1.9885286721723836, -0.529998193770671, -0.49735224232104597, 0.26151831815361354, -1.9885286721723836, -0.529998193770671, -0.49735224232104597, 0.2615188577214421, -1.9885286721723836, -0.529998193770671, -0.49735224232104597, 0.26151938180255585, -1.9885286721723836, -0.529998193770671, -0.49735224232104597, 0.26151989244935386, -1.9885286721723836, -0.529998193770671, -0.49735224232104597, 0.2615203880486497, -1.9885286721723836, -0.529998193770671, -0.49735224232104597, 0.26152087029745397, -1.9885286721723836, -0.529998193770671, -0.49735224232104597, 0.26152133936279714, -1.9885286721723836, -0.529998193770671, -0.49735224232104597, 0.2615217953192724, -1.9885286721723836, -0.529998193770671, -0.49735224232104597, 0.2615222397853283, -1.9885286721723836, -0.529998193770671, -0.49735224232104597, 0.2615226719885465, -1.9885286721723836, -0.529998193770671, -0.49735224232104597, 0.26152309328173995, -1.9885286721723836, -0.529998193770671, -0.49735224232104597, 0.2615235024656943, -1.9885286721723836, -0.529998193770671, -0.49735224232104597, 0.2615239013387697, -1.9885286721723836, -0.529998193770671, -0.49735224232104597, 0.26152428987536186, -1.9885286721723836, -0.529998193770671, -0.49735224232104597, 0.26152466774841343, -1.9885286721723836, -0.529998193770671, -0.49735224232104597, 0.261525037000448, -1.9885286721723836, -0.529998193770671, -0.49735224232104597, 0.2615253967121659, -1.9885286721723836, -0.529998193770671, -0.49735224232104597, 0.2615257465951913, -1.9885286721723836, -0.529998193770671, -0.49735224232104597, 0.26152608802172567, -1.9885286721723836, -0.529998193770671, -0.49735224232104597, 0.26152642089524714, -1.9885286721723836, -0.529998193770671, -0.49735224232104597, 0.26152674512404117, -3.349052723108072, -1.2876117684219923, -0.7524540112412723, 11.333294788995579, -3.349052723108072, -1.2876117684219923, -0.7524540112412723, 9.53921265012396, -3.349052723108072, -1.2876117684219923, -0.7524540112412723, 10.888456226620683, -3.349052723108072, -1.2876117684219923, -0.7524540112412723, 4.632557605500017, -3.349052723108072, -1.2876117684219923, -0.7524540112412723, 3.233640023486361, -3.349052723108072, -1.2876117684219923, -0.7524540112412723, 3.877937807845699, -3.349052723108072, -1.2876117684219923, -0.7524540112412723, 3.586806382792559, -3.349052723108072, -1.2876117684219923, -0.7524540112412723, 2.910568127091571, -3.349052723108072, -1.2876117684219923, -0.7524540112412723, 1.711933972687061, -3.349052723108072, -1.2876117684219923, -0.7524540112412723, 0.5068829180203086, -3.2107874204147167, -1.2595756789849935, -0.7525074720307579, 0.0019538295758733176, -3.2107874204147167, -1.2595756789849935, -0.7525074720307579, 0.09026755680106796, -3.2107874204147167, -1.2595756789849935, -0.7525074720307579, 0.1597570021481646, -3.2107874204147167, -1.2595756789849935, -0.7525074720307579, 0.2038467723316516, -3.2107874204147167, -1.2595756789849935, -0.7525074720307579, 0.24352089776707503, -3.2107874204147167, -1.2595756789849935, -0.7525074720307579, 0.25874438562686913, -3.2107874204147167, -1.2595756789849935, -0.7525074720307579, 0.2658559612765021, -3.2107874204147167, -1.2595756789849935, -0.7525074720307579, 0.26856984012633256, -3.2107874204147167, -1.2595756789849935, -0.7525074720307579, 0.2685372386663858, -3.2107874204147167, -1.2595756789849935, -0.7525074720307579, 0.26698945519395667, -3.2107874204147167, -1.2595756789849935, -0.7525074720307579, 0.26481375755284764, -3.2107874204147167, -1.2595756789849935, -0.7525074720307579, 0.26251132358204987, -3.2107874204147167, -1.2595756789849935, -0.7525074720307579, 0.26034432099269755, -3.2107874204147167, -1.2595756789849935, -0.7525074720307579, 0.25843199842576026, -3.2107874204147167, -1.2595756789849935, -0.7525074720307579, 0.25681171719714546, -3.2107874204147167, -1.2595756789849935, -0.7525074720307579, 0.25547675012762566, -3.2107874204147167, -1.2595756789849935, -0.7525074720307579, 0.25439904875241864, -3.2107874204147167, -1.2595756789849935, -0.7525074720307579, 0.25354240219403906, -3.2107874204147167, -1.2595756789849935, -0.7525074720307579, 0.2528696760460392, -3.2107874204147167, -1.2595756789849935, -0.7525074720307579, 0.2523465118127165, -3.2107874204147167, -1.2595756789849935, -0.7525074720307579, 0.25194293279854996, -3.2107874204147167, -1.2595756789849935, -0.7525074720307579, 0.2516337157757428, -3.2107874204147167, -1.2595756789849935, -0.7525074720307579, 0.2513981744578653, -3.2107874204147167, -1.2595756789849935, -0.7525074720307579, 0.2512196860233911, -3.2107874204147167, -1.2595756789849935, -0.7525074720307579, 0.2510850661340216, -3.2107874204147167, -1.2595756789849935, -0.7525074720307579, 0.2509839899096265, -3.2107874204147167, -1.2595756789849935, -0.7525074720307579, 0.25090843374566574, -3.2107874204147167, -1.2595756789849935, -0.7525074720307579, 0.25085221517351725, -3.2107874204147167, -1.2595756789849935, -0.7525074720307579, 0.25081059657288785, -3.2107874204147167, -1.2595756789849935, -0.7525074720307579, 0.25077996757345095, -3.2107874204147167, -1.2595756789849935, -0.7525074720307579, 0.2507575884462896, -3.2107874204147167, -1.2595756789849935, -0.7525074720307579, 0.25074138783503047, -3.2107874204147167, -1.2595756789849935, -0.7525074720307579, 0.25072980465245553, -3.2107874204147167, -1.2595756789849935, -0.7525074720307579, 0.25072166522155537, -3.2107874204147167, -1.2595756789849935, -0.7525074720307579, 0.2507160913197025, -3.2107874204147167, -1.2595756789849935, -0.7525074720307579, 0.25071242200743776, -3.2107874204147167, -1.2595756789849935, -0.7525074720307579, 0.25071016703088794, -3.2107874204147167, -1.2595756789849935, -0.7525074720307579, 0.250708959103532, -3.2107874204147167, -1.2595756789849935, -0.7525074720307579, 0.250708524562655, -3.2107874204147167, -1.2595756789849935, -0.7525074720307579, 0.2507086610417745, -3.2107874204147167, -1.2595756789849935, -0.7525074720307579, 0.2507092162600887, -3.2107874204147167, -1.2595756789849935, -0.7525074720307579, 0.2507100786958391, -3.2107874204147167, -1.2595756789849935, -0.7525074720307579, 0.25071116358701795, -3.2107874204147167, -1.2595756789849935, -0.7525074720307579, 0.2507124102785103, -3.2107874204147167, -1.2595756789849935, -0.7525074720307579, 0.2507137725523071, -3.2107874204147167, -1.2595756789849935, -0.7525074720307579, 0.2507152158335185, -3.2107874204147167, -1.2595756789849935, -0.7525074720307579, 0.2507167163789552, -3.2107874204147167, -1.2595756789849935, -0.7525074720307579, 0.2507182544947891, -3.2107874204147167, -1.2595756789849935, -0.7525074720307579, 0.250719815891294, -3.2107874204147167, -1.2595756789849935, -0.7525074720307579, 0.2507213912960383, -3.2107874204147167, -1.2595756789849935, -0.7525074720307579, 0.2507229728801485, -3.2107874204147167, -1.2595756789849935, -0.7525074720307579, 0.2507245548176119, -3.2107874204147167, -1.2595756789849935, -0.7525074720307579, 0.2507261340741803, -3.2107874204147167, -1.2595756789849935, -0.7525074720307579, 0.2507277067142086, -3.2107874204147167, -1.2595756789849935, -0.7525074720307579, 0.2507292714213672, -3.2107874204147167, -1.2595756789849935, -0.7525074720307579, 0.2507308253550153, -3.2107874204147167, -1.2595756789849935, -0.7525074720307579, 0.2507323686639071, -3.2107874204147167, -1.2595756789849935, -0.7525074720307579, 0.2507339003115245, -3.2107874204147167, -1.2595756789849935, -0.7525074720307579, 0.25073541927439785, -3.2107874204147167, -1.2595756789849935, -0.7525074720307579, 0.25073692672252595, -3.2107874204147167, -1.2595756789849935, -0.7525074720307579, 0.25073842148657033, -3.2107874204147167, -1.2595756789849935, -0.7525074720307579, 0.2507399030436285, -3.2107874204147167, -1.2595756789849935, -0.7525074720307579, 0.25074137235987465, -3.2107874204147167, -1.2595756789849935, -0.7525074720307579, 0.250742829232203, -3.2107874204147167, -1.2595756789849935, -0.7525074720307579, 0.25074427351571266, -3.2107874204147167, -1.2595756789849935, -0.7525074720307579, 0.2507457064120985, -3.2107874204147167, -1.2595756789849935, -0.7525074720307579, 0.2507471271477586, -3.2107874204147167, -1.2595756789849935, -0.7525074720307579, 0.25074853676724784, -3.2107874204147167, -1.2595756789849935, -0.7525074720307579, 0.25074993419221714, -3.2107874204147167, -1.2595756789849935, -0.7525074720307579, 0.25075132088740276, -3.2107874204147167, -1.2595756789849935, -0.7525074720307579, 0.25075269679705525, -3.2107874204147167, -1.2595756789849935, -0.7525074720307579, 0.2507540616258133, -3.2107874204147167, -1.2595756789849935, -0.7525074720307579, 0.2507554170830133, -3.2107874204147167, -1.2595756789849935, -0.7525074720307579, 0.2507567623932956, -3.2107874204147167, -1.2595756789849935, -0.7525074720307579, 0.25075809731882265, -3.2107874204147167, -1.2595756789849935, -0.7525074720307579, 0.2507594230272169, -3.2107874204147167, -1.2595756789849935, -0.7525074720307579, 0.250760739452548, -3.2107874204147167, -1.2595756789849935, -0.7525074720307579, 0.2507620465371869, -3.2107874204147167, -1.2595756789849935, -0.7525074720307579, 0.250763345532612, -3.210787420414716, -1.2595756789849932, -0.7525074720307577, 2.7285228378796007, -3.210787420414716, -1.2595756789849932, -0.7525074720307577, 2.6918982467882646, -3.210787420414716, -1.2595756789849932, -0.7525074720307577, 2.566586034695041, -3.210787420414716, -1.2595756789849932, -0.7525074720307577, 2.2785381748738915, -3.210787420414716, -1.2595756789849932, -0.7525074720307577, 1.6614066320022447, -3.210787420414716, -1.2595756789849932, -0.7525074720307577, 0.8143814337017343, -3.210787420414716, -1.2595756789849932, -0.7525074720307577, 0.16875021347272864, -3.2096713148555516, -1.2714622845057233, -0.7535636105312609, 0.00811724849094184, -3.2096713148555516, -1.2714622845057233, -0.7535636105312609, 0.05376172345356348, -3.2096713148555516, -1.2714622845057233, -0.7535636105312609, 0.09915292800960272, -3.2096713148555516, -1.2714622845057233, -0.7535636105312609, 0.13713928223449107, -3.2096713148555516, -1.2714622845057233, -0.7535636105312609, 0.16717167041935324, -3.2096713148555516, -1.2714622845057233, -0.7535636105312609, 0.18931484835972603, -3.2096713148555516, -1.2714622845057233, -0.7535636105312609, 0.20554766152918813, -3.2096713148555516, -1.2714622845057233, -0.7535636105312609, 0.21740961402754, -3.2096713148555516, -1.2714622845057233, -0.7535636105312609, 0.2260586244770874, -3.2096713148555516, -1.2714622845057233, -0.7535636105312609, 0.23235324378591732, -3.2096713148555516, -1.2714622845057233, -0.7535636105312609, 0.23692573012247833, -3.2096713148555516, -1.2714622845057233, -0.7535636105312609, 0.24024000062747872, -3.2096713148555516, -1.2714622845057233, -0.7535636105312609, 0.24263570671454013, -3.2096713148555516, -1.2714622845057233, -0.7535636105312609, 0.24436139884903627, -3.2096713148555516, -1.2714622845057233, -0.7535636105312609, 0.2455986182115803, -3.2096713148555516, -1.2714622845057233, -0.7535636105312609, 0.24648005609087764, -3.2096713148555516, -1.2714622845057233, -0.7535636105312609, 0.24710266933568198, -3.2096713148555516, -1.2714622845057233, -0.7535636105312609, 0.2475372112500191, -3.2096713148555516, -1.2714622845057233, -0.7535636105312609, 0.2478353571071346, -3.2096713148555516, -1.2714622845057233, -0.7535636105312609, 0.24803480135701877, -3.2096713148555516, -1.2714622845057233, -0.7535636105312609, 0.2481630480152428, -3.2096713148555516, -1.2714622845057233, -0.7535636105312609, 0.24824015423534582, -3.2096713148555516, -1.2714622845057233, -0.7535636105312609, 0.24828072981876662, -3.2096713148555516, -1.2714622845057233, -0.7535636105312609, 0.24829540496803792, -3.2096713148555516, -1.2714622845057233, -0.7535636105312609, 0.24829191028157496, -3.2096713148555516, -1.2714622845057233, -0.7535636105312609, 0.24827585667275767, -3.2096713148555516, -1.2714622845057233, -0.7535636105312609, 0.24825130614393517, -3.2096713148555516, -1.2714622845057233, -0.7535636105312609, 0.24822119266896667, -3.2096713148555516, -1.2714622845057233, -0.7535636105312609, 0.24818762674354877, -3.2096713148555516, -1.2714622845057233, -0.7535636105312609, 0.24815211892675595, -3.2096713148555516, -1.2714622845057233, -0.7535636105312609, 0.24811574298886238, -3.2096713148555516, -1.2714622845057233, -0.7535636105312609, 0.24807925505790776, -3.2096713148555516, -1.2714622845057233, -0.7535636105312609, 0.24804318033877212, -3.2096713148555516, -1.2714622845057233, -0.7535636105312609, 0.24800787849182965, -3.2096713148555516, -1.2714622845057233, -0.7535636105312609, 0.24797358502921257, -3.2096713148555516, -1.2714622845057233, -0.7535636105312609, 0.2479404518171285, -3.2096713148555516, -1.2714622845057233, -0.7535636105312609, 0.24790856675229248, -3.2096713148555516, -1.2714622845057233, -0.7535636105312609, 0.24787797330489705, -3.2096713148555516, -1.2714622845057233, -0.7535636105312609, 0.24784868489671671, -3.2096713148555516, -1.2714622845057233, -0.7535636105312609, 0.24782069103663354, -3.2096713148555516, -1.2714622845057233, -0.7535636105312609, 0.2477939680245674, -3.2096713148555516, -1.2714622845057233, -0.7535636105312609, 0.24776847994947424, -3.2096713148555516, -1.2714622845057233, -0.7535636105312609, 0.2477441869881834, -3.2096713148555516, -1.2714622845057233, -0.7535636105312609, 0.24772104387685853, -3.2096713148555516, -1.2714622845057233, -0.7535636105312609, 0.24769900304500345, -3.2096713148555516, -1.2714622845057233, -0.7535636105312609, 0.24767801816468044, -3.2096713148555516, -1.2714622845057233, -0.7535636105312609, 0.24765804055964413, -3.2096713148555516, -1.2714622845057233, -0.7535636105312609, 0.24763902287386308, -3.2096713148555516, -1.2714622845057233, -0.7535636105312609, 0.2476209203466368, -3.2096713148555516, -1.2714622845057233, -0.7535636105312609, 0.24760368846198733, -3.2096713148555516, -1.2714622845057233, -0.7535636105312609, 0.24758728435930966, -3.2096713148555516, -1.2714622845057233, -0.7535636105312609, 0.2475716682105622, -3.2096713148555516, -1.2714622845057233, -0.7535636105312609, 0.2475567999841106, -3.2096713148555516, -1.2714622845057233, -0.7535636105312609, 0.24754264320467767, -3.2096713148555516, -1.2714622845057233, -0.7535636105312609, 0.24752916104817252, -3.2096713148555516, -1.2714622845057233, -0.7535636105312609, 0.24751632089558342, -3.2096713148555516, -1.2714622845057233, -0.7535636105312609, 0.24750409028719061, -3.2096713148555516, -1.2714622845057233, -0.7535636105312609, 0.24749243812767632, -3.2096713148555516, -1.2714622845057233, -0.7535636105312609, 0.24748133681358053, -3.2096713148555516, -1.2714622845057233, -0.7535636105312609, 0.24747075778305533, -3.2096713148555516, -1.2714622845057233, -0.7535636105312609, 0.24746067440797445, -3.2096713148555516, -1.2714622845057233, -0.7535636105312609, 0.24745106276315537, -3.2096713148555516, -1.2714622845057233, -0.7535636105312609, 0.24744189899817828, -3.2096713148555516, -1.2714622845057233, -0.7535636105312609, 0.24743316048371625, -3.2096713148555516, -1.2714622845057233, -0.7535636105312609, 0.24742482700935836, -3.2096713148555516, -1.2714622845057233, -0.7535636105312609, 0.2474168775157232, -3.2096713148555516, -1.2714622845057233, -0.7535636105312609, 0.24740929371993492, -3.2096713148555516, -1.2714622845057233, -0.7535636105312609, 0.24740205625429595, -3.2096713148555516, -1.2714622845057233, -0.7535636105312609, 0.2473951491278031, -3.2096713148555516, -1.2714622845057233, -0.7535636105312609, 0.24738855575692079, -3.2096713148555516, -1.2714622845057233, -0.7535636105312609, 0.24738226015994702, -3.2096713148555516, -1.2714622845057233, -0.7535636105312609, 0.24737624907474945, -3.2096713148555516, -1.2714622845057233, -0.7535636105312609, 0.24737050759833354, -3.2096713148555516, -1.2714622845057233, -0.7535636105312609, 0.24736502206038355, -3.2096713148555516, -1.2714622845057233, -0.7535636105312609, 0.24735978081422946, -3.209671314855552, -1.2714622845057235, -0.7535636105312611, 4.137708893079648, -3.209671314855552, -1.2714622845057235, -0.7535636105312611, 1.736162084368031, -3.209671314855552, -1.2714622845057235, -0.7535636105312611, 1.9455720182183076, -3.209671314855552, -1.2714622845057235, -0.7535636105312611, 2.0243614228782025, -3.209671314855552, -1.2714622845057235, -0.7535636105312611, 2.0589418412922886, -3.209671314855552, -1.2714622845057235, -0.7535636105312611, 2.0548040161682617, -3.209671314855552, -1.2714622845057235, -0.7535636105312611, 2.0249419624576617, -3.209671314855552, -1.2714622845057235, -0.7535636105312611, 1.9722430281274896, -3.209671314855552, -1.2714622845057235, -0.7535636105312611, 1.8956643561359188, -3.209671314855552, -1.2714622845057235, -0.7535636105312611, 1.7937179377622776, -3.209671314855552, -1.2714622845057235, -0.7535636105312611, 1.6593214544716504, -3.209671314855552, -1.2714622845057235, -0.7535636105312611, 1.5010770260052666, -3.209671314855552, -1.2714622845057235, -0.7535636105312611, 1.3354943149664547, -3.209671314855552, -1.2714622845057235, -0.7535636105312611, 1.1652948130075675, -3.209671314855552, -1.2714622845057235, -0.7535636105312611, 0.9864946167704808, -3.209671314855552, -1.2714622845057235, -0.7535636105312611, 0.8554195555183459, -3.209671314855552, -1.2714622845057235, -0.7535636105312611, 0.7279912824683263, -3.209671314855552, -1.2714622845057235, -0.7535636105312611, 0.6215104391217969, -3.209671314855552, -1.2714622845057235, -0.7535636105312611, 0.5361726124630597, -3.209671314855552, -1.2714622845057235, -0.7535636105312611, 0.4665018549473521, -3.209671314855552, -1.2714622845057235, -0.7535636105312611, 0.4110495252126992, -3.209671314855552, -1.2714622845057235, -0.7535636105312611, 0.3697447753998507, -3.209671314855552, -1.2714622845057235, -0.7535636105312611, 0.3391842337473495, -3.209671314855552, -1.2714622845057235, -0.7535636105312611, 0.31664285526978025, -3.209671314855552, -1.2714622845057235, -0.7535636105312611, 0.3000494171761105, -3.209671314855552, -1.2714622845057235, -0.7535636105312611, 0.2878471468802184, -3.209671314855552, -1.2714622845057235, -0.7535636105312611, 0.278878629948725, -3.209671314855552, -1.2714622845057235, -0.7535636105312611, 0.2722885078247226, -3.209671314855552, -1.2714622845057235, -0.7535636105312611, 0.2674464400184745, -3.209671314855552, -1.2714622845057235, -0.7535636105312611, 0.2638888194470798, -3.209671314855552, -1.2714622845057235, -0.7535636105312611, 0.26127478867050674, -3.209671314855552, -1.2714622845057235, -0.7535636105312611, 0.2593540285668925, -3.209671314855552, -1.2714622845057235, -0.7535636105312611, 0.25794259825330285, -3.209671314855552, -1.2714622845057235, -0.7535636105312611, 0.2569053307139341, -3.209671314855552, -1.2714622845057235, -0.7535636105312611, 0.256142942386924, -3.209671314855552, -1.2714622845057235, -0.7535636105312611, 0.2555825363606815, -3.209671314855552, -1.2714622845057235, -0.7535636105312611, 0.2551705367171912, -3.209671314855552, -1.2714622845057235, -0.7535636105312611, 0.2548675640514501, -3.209671314855552, -1.2714622845057235, -0.7535636105312611, 0.25464470657132976, -3.209671314855552, -1.2714622845057235, -0.7535636105312611, 0.25448071701905384, -3.209671314855552, -1.2714622845057235, -0.7535636105312611, 0.2543599854404161, -3.209671314855552, -1.2714622845057235, -0.7535636105312611, 0.2542710386029601, -3.209671314855552, -1.2714622845057235, -0.7535636105312611, 0.2542054522748601, -3.209671314855552, -1.2714622845057235, -0.7535636105312611, 0.25415703530606015, -3.209671314855552, -1.2714622845057235, -0.7535636105312611, 0.25412123624879024, -3.209671314855552, -1.2714622845057235, -0.7535636105312611, 0.2540947103331543, -3.209671314855552, -1.2714622845057235, -0.7535636105312611, 0.2540750044110201, -3.209671314855552, -1.2714622845057235, -0.7535636105312611, 0.2540603121420172, -3.209671314855552, -1.2714622845057235, -0.7535636105312611, 0.25404930718583, -3.209671314855552, -1.2714622845057235, -0.7535636105312611, 0.2540410148276325, -3.209671314855552, -1.2714622845057235, -0.7535636105312611, 0.25403471872790523, -3.209671314855552, -1.2714622845057235, -0.7535636105312611, 0.25402989238787343, -3.209671314855552, -1.2714622845057235, -0.7535636105312611, 0.2540261487958512, -3.209671314855552, -1.2714622845057235, -0.7535636105312611, 0.25402320363003583, -3.209671314855552, -1.2714622845057235, -0.7535636105312611, 0.2540208473004175, -3.209671314855552, -1.2714622845057235, -0.7535636105312611, 0.2540189255507699, -3.209671314855552, -1.2714622845057235, -0.7535636105312611, 0.2540173267211781, -3.209671314855552, -1.2714622845057235, -0.7535636105312611, 0.254015966340717, -3.209671314855552, -1.2714622845057235, -0.7535636105312611, 0.2540147825032147, -3.209671314855552, -1.2714622845057235, -0.7535636105312611, 0.25401373094023194, -3.209671314855552, -1.2714622845057235, -0.7535636105312611, 0.25401277792826393, -3.209671314855552, -1.2714622845057235, -0.7535636105312611, 0.2540118984806521, -3.209671314855552, -1.2714622845057235, -0.7535636105312611, 0.2540110754142656, -3.209671314855552, -1.2714622845057235, -0.7535636105312611, 0.25401029413840664, -3.209671314855552, -1.2714622845057235, -0.7535636105312611, 0.25400954544013626, -3.209671314855552, -1.2714622845057235, -0.7535636105312611, 0.2540088203958202, -3.209671314855552, -1.2714622845057235, -0.7535636105312611, 0.25400811464277717, -3.209671314855552, -1.2714622845057235, -0.7535636105312611, 0.2540074235875532, -3.209671314855552, -1.2714622845057235, -0.7535636105312611, 0.2540067433999301, -3.209671314855552, -1.2714622845057235, -0.7535636105312611, 0.2540060731208005, -3.209671314855552, -1.2714622845057235, -0.7535636105312611, 0.2540054097213448, -3.209671314855552, -1.2714622845057235, -0.7535636105312611, 0.25400475115557564, -3.209671314855552, -1.2714622845057235, -0.7535636105312611, 0.2540040971686968, -3.209671314855552, -1.2714622845057235, -0.7535636105312611, 0.2540034464348325, -3.209671314855552, -1.2714622845057235, -0.7535636105312611, 0.2540027978101385, -3.209671314855552, -1.2714622845057235, -0.7535636105312611, 0.25400215166516765, -3.209671314855552, -1.2714622845057235, -0.7535636105312611, 0.2540015063526895, -3.209671314855552, -1.2714622845057235, -0.7535636105312611, 0.2540008622008328, -3.209671314855552, -1.2714622845057235, -0.7535636105312611, 0.25400021733555217, -3.209671314855552, -1.2714622845057235, -0.7535636105312611, 0.2539995726030689, -3.209671314855552, -1.2714622845057235, -0.7535636105312611, 0.2539989272716678, -3.209671314855552, -1.2714622845057235, -0.7535636105312611, 0.2539982803788479, -3.209671314855552, -1.2714622845057235, -0.7535636105312611, 0.25399763309997575, -3.209671314855552, -1.2714622845057235, -0.7535636105312611, 0.2539969840043721, -3.209671314855552, -1.2714622845057235, -0.7535636105312611, 0.2539963322452951, -3.209671314855552, -1.2714622845057235, -0.7535636105312611, 0.2539956784739015, -3.209671314855552, -1.2714622845057235, -0.7535636105312611, 0.2539950220540677, -3.209671314855552, -1.2714622845057235, -0.7535636105312611, 0.25399436237123296, -3.209671314855552, -1.2714622845057235, -0.7535636105312611, 0.253993700205793, -3.209671314855552, -1.2714622845057235, -0.7535636105312611, 0.2539930342324622, -3.209671314855552, -1.2714622845057235, -0.7535636105312611, 0.2539923650346815, -3.209671314855552, -1.2714622845057235, -0.7535636105312611, 0.2539916909446283, -3.2096713148555507, -1.271462284505723, -0.7535636105312606, 17.602282048098317, -3.2096713148555507, -1.271462284505723, -0.7535636105312606, 7.3386364943415945, -3.2096713148555507, -1.271462284505723, -0.7535636105312606, 0.7772403131211751, -3.2164784743411006, -1.2740312090411818, -0.7494063401727573, 0.7404862373157174, -3.2164784743411006, -1.2740312090411818, -0.7494063401727573, 0.9615452425213159, -3.2164784743411006, -1.2740312090411818, -0.7494063401727573, 1.136220033131657, -3.2164784743411006, -1.2740312090411818, -0.7494063401727573, 1.2017644598623007, -3.2164784743411006, -1.2740312090411818, -0.7494063401727573, 1.1907822089641673, -3.2164784743411006, -1.2740312090411818, -0.7494063401727573, 1.128642805324797, -3.2164784743411006, -1.2740312090411818, -0.7494063401727573, 1.0243231350879303, -3.2164784743411006, -1.2740312090411818, -0.7494063401727573, 0.9214039038921931, -3.2164784743411006, -1.2740312090411818, -0.7494063401727573, 0.8146942513210399, -3.2164784743411006, -1.2740312090411818, -0.7494063401727573, 0.7067952608920007, -3.2164784743411006, -1.2740312090411818, -0.7494063401727573, 0.6115734718785312, -3.2164784743411006, -1.2740312090411818, -0.7494063401727573, 0.5316017286388822, -3.2164784743411006, -1.2740312090411818, -0.7494063401727573, 0.46651560276422915, -3.2164784743411006, -1.2740312090411818, -0.7494063401727573, 0.41251323713992455, -3.2164784743411006, -1.2740312090411818, -0.7494063401727573, 0.368867150954579, -3.2164784743411006, -1.2740312090411818, -0.7494063401727573, 0.33587813080978735, -3.2164784743411006, -1.2740312090411818, -0.7494063401727573, 0.31113965265359406, -3.2164784743411006, -1.2740312090411818, -0.7494063401727573, 0.29268104396290695, -3.2164784743411006, -1.2740312090411818, -0.7494063401727573, 0.2789531687943684, -3.2164784743411006, -1.2740312090411818, -0.7494063401727573, 0.2687650090765277, -3.2164784743411006, -1.2740312090411818, -0.7494063401727573, 0.26121468019951627, -3.2164784743411006, -1.2740312090411818, -0.7494063401727573, 0.2556246750086688, -3.2164784743411006, -1.2740312090411818, -0.7494063401727573, 0.25148877748494125, -3.2164784743411006, -1.2740312090411818, -0.7494063401727573, 0.24843022890072242, -3.2164784743411006, -1.2740312090411818, -0.7494063401727573, 0.2461693698917415, -3.2164784743411006, -1.2740312090411818, -0.7494063401727573, 0.2444987389829249, -3.2164784743411006, -1.2740312090411818, -0.7494063401727573, 0.243264586698449, -3.2164784743411006, -1.2740312090411818, -0.7494063401727573, 0.24235317841437298, -3.2164784743411006, -1.2740312090411818, -0.7494063401727573, 0.24168032260344097, -3.2164784743411006, -1.2740312090411818, -0.7494063401727573, 0.24118378360438386, -3.2164784743411006, -1.2740312090411818, -0.7494063401727573, 0.24081753405676903, -3.2164784743411006, -1.2740312090411818, -0.7494063401727573, 0.2405475378523232, -3.2164784743411006, -1.2740312090411818, -0.7494063401727573, 0.2403486407873084, -3.2164784743411006, -1.2740312090411818, -0.7494063401727573, 0.24020226418627066, -3.2164784743411006, -1.2740312090411818, -0.7494063401727573, 0.240094673531261, -3.2164784743411006, -1.2740312090411818, -0.7494063401727573, 0.2400157144327363, -3.2164784743411006, -1.2740312090411818, -0.7494063401727573, 0.23995789026146339, -3.2164784743411006, -1.2740312090411818, -0.7494063401727573, 0.23991565906962917, -3.2164784743411006, -1.2740312090411818, -0.7494063401727573, 0.23988492933592048, -3.2164784743411006, -1.2740312090411818, -0.7494063401727573, 0.2398626760249442, -3.2164784743411006, -1.2740312090411818, -0.7494063401727573, 0.23984666513929373, -3.2164784743411006, -1.2740312090411818, -0.7494063401727573, 0.2398352464472842, -3.2164784743411006, -1.2740312090411818, -0.7494063401727573, 0.23982720102856447, -3.2164784743411006, -1.2740312090411818, -0.7494063401727573, 0.2398216286283345, -3.2164784743411006, -1.2740312090411818, -0.7494063401727573, 0.23981786442840952, -3.2164784743411006, -1.2740312090411818, -0.7494063401727573, 0.2398154175523905, -3.2164784743411006, -1.2740312090411818, -0.7494063401727573, 0.23981392563093398, -3.2164784743411006, -1.2740312090411818, -0.7494063401727573, 0.23981312123299206, -3.2164784743411006, -1.2740312090411818, -0.7494063401727573, 0.23981280720888412, -3.2164784743411006, -1.2740312090411818, -0.7494063401727573, 0.2398128373286538, -3.2164784743411006, -1.2740312090411818, -0.7494063401727573, 0.23981310622904956, -3.2164784743411006, -1.2740312090411818, -0.7494063401727573, 0.23981353260434618, -3.2164784743411006, -1.2740312090411818, -0.7494063401727573, 0.23981405981952136, -3.2164784743411006, -1.2740312090411818, -0.7494063401727573, 0.2398146445377909, -3.2164784743411006, -1.2740312090411818, -0.7494063401727573, 0.23981525692718886, -3.2164784743411006, -1.2740312090411818, -0.7494063401727573, 0.2398158721736763, -3.2164784743411006, -1.2740312090411818, -0.7494063401727573, 0.23981647436208461, -3.2164784743411006, -1.2740312090411818, -0.7494063401727573, 0.23981705281328625, -3.2164784743411006, -1.2740312090411818, -0.7494063401727573, 0.23981759651967982, -3.2164784743411006, -1.2740312090411818, -0.7494063401727573, 0.23981810047546093, -3.2164784743411006, -1.2740312090411818, -0.7494063401727573, 0.23981856051579026, -3.2164784743411006, -1.2740312090411818, -0.7494063401727573, 0.2398189730809721, -3.2164784743411006, -1.2740312090411818, -0.7494063401727573, 0.23981933587565774, -3.2164784743411006, -1.2740312090411818, -0.7494063401727573, 0.2398196487170328, -3.2164784743411006, -1.2740312090411818, -0.7494063401727573, 0.23981991012245263, -3.2164784743411006, -1.2740312090411818, -0.7494063401727573, 0.2398201189101726, -3.2164784743411006, -1.2740312090411818, -0.7494063401727573, 0.23982027594679836, -3.2164784743411006, -1.2740312090411818, -0.7494063401727573, 0.23982038071305178, -3.2164784743411006, -1.2740312090411818, -0.7494063401727573, 0.23982043418788487, -3.2164784743411006, -1.2740312090411818, -0.7494063401727573, 0.23982043635016656, -3.2164784743411006, -1.2740312090411818, -0.7494063401727573, 0.23982038667677563, -3.2164784743411006, -1.2740312090411818, -0.7494063401727573, 0.23982028659256768, -3.2164784743411006, -1.2740312090411818, -0.7494063401727573, 0.23982013585543802, -3.2164784743411006, -1.2740312090411818, -0.7494063401727573, 0.23981993633673987, -3.2164784743411006, -1.2740312090411818, -0.7494063401727573, 0.23981968657356612, -3.2164784743411006, -1.2740312090411818, -0.7494063401727573, 0.23981938816276432, -3.2164784743411006, -1.2740312090411818, -0.7494063401727573, 0.2398190409071251, -3.2164784743411006, -1.2740312090411818, -0.7494063401727573, 0.239818646717812, -3.2164784743411006, -1.2740312090411818, -0.7494063401727573, 0.23981820408205168, -3.2164784743411006, -1.2740312090411818, -0.7494063401727573, 0.2398177145894709, -3.2164784743411006, -1.2740312090411818, -0.7494063401727573, 0.23981717795340124, -3.2164784743411006, -1.2740312090411818, -0.7494063401727573, 0.23981659577173634, -3.2164784743411006, -1.2740312090411818, -0.7494063401727573, 0.23981596755791937, -3.2164784743411006, -1.2740312090411818, -0.7494063401727573, 0.23981529325898443, -3.2164784743411006, -1.2740312090411818, -0.7494063401727573, 0.23981457398583933, -3.216478474341101, -1.2740312090411816, -0.7494063401727574, 2.614196526082425, -3.216478474341101, -1.2740312090411816, -0.7494063401727574, 2.418415031185597, -3.216478474341101, -1.2740312090411816, -0.7494063401727574, 1.8865465814693236, -3.216478474341101, -1.2740312090411816, -0.7494063401727574, 1.0553227643989345, -3.216478474341101, -1.2740312090411816, -0.7494063401727574, 0.28997004154543565, -3.2126674546973355, -1.2663301177956339, -0.7481359439525628, 0.023881851283555414, -3.2126674546973355, -1.2663301177956339, -0.7481359439525628, 0.08110896302950492, -3.2126674546973355, -1.2663301177956339, -0.7481359439525628, 0.12733649783011833, -3.2126674546973355, -1.2663301177956339, -0.7481359439525628, 0.16338883724718065, -3.2126674546973355, -1.2663301177956339, -0.7481359439525628, 0.1893037130935868, -3.2126674546973355, -1.2663301177956339, -0.7481359439525628, 0.20775675500712842, -3.2126674546973355, -1.2663301177956339, -0.7481359439525628, 0.22084374947024019, -3.2126674546973355, -1.2663301177956339, -0.7481359439525628, 0.23010821031263964, -3.2126674546973355, -1.2663301177956339, -0.7481359439525628, 0.23666094424176382, -3.2126674546973355, -1.2663301177956339, -0.7481359439525628, 0.24129295786971314, -3.2126674546973355, -1.2663301177956339, -0.7481359439525628, 0.24456530169517893, -3.2126674546973355, -1.2663301177956339, -0.7481359439525628, 0.2468752804804122, -3.2126674546973355, -1.2663301177956339, -0.7481359439525628, 0.24850405235002318, -3.2126674546973355, -1.2663301177956339, -0.7481359439525628, 0.24965062055157147, -3.2126674546973355, -1.2663301177956339, -0.7481359439525628, 0.250456088289345, -3.2126674546973355, -1.2663301177956339, -0.7481359439525628, 0.25102059140048294, -3.2126674546973355, -1.2663301177956339, -0.7481359439525628, 0.2514151795004427, -3.2126674546973355, -1.2663301177956339, -0.7481359439525628, 0.25169035250669103, -3.2126674546973355, -1.2663301177956339, -0.7481359439525628, 0.2518819823684343, -3.2126674546973355, -1.2663301177956339, -0.7481359439525628, 0.2520155646152086, -3.2126674546973355, -1.2663301177956339, -0.7481359439525628, 0.252109205801389, -3.2126674546973355, -1.2663301177956339, -0.7481359439525628, 0.25217574039311, -3.2126674546973355, -1.2663301177956339, -0.7481359439525628, 0.2522242429750747, -3.2126674546973355, -1.2663301177956339, -0.7481359439525628, 0.25226111028118275, -3.2126674546973355, -1.2663301177956339, -0.7481359439525628, 0.25229082424732474, -3.2126674546973355, -1.2663301177956339, -0.7481359439525628, 0.25231650077103507, -3.2126674546973355, -1.2663301177956339, -0.7481359439525628, 0.2523402816041511, -3.2126674546973355, -1.2663301177956339, -0.7481359439525628, 0.2523636146739159, -3.2126674546973355, -1.2663301177956339, -0.7481359439525628, 0.2523874549095869, -3.2126674546973355, -1.2663301177956339, -0.7481359439525628, 0.2524124081220789, -3.2126674546973355, -1.2663301177956339, -0.7481359439525628, 0.2524388341272611, -3.2126674546973355, -1.2663301177956339, -0.7481359439525628, 0.25246692064910337, -3.2126674546973355, -1.2663301177956339, -0.7481359439525628, 0.2524967362525415, -3.2126674546973355, -1.2663301177956339, -0.7481359439525628, 0.2525282684161065, -3.2126674546973355, -1.2663301177956339, -0.7481359439525628, 0.25256144973876576, -3.2126674546973355, -1.2663301177956339, -0.7481359439525628, 0.25259617814704444, -3.2126674546973355, -1.2663301177956339, -0.7481359439525628, 0.25263233142249203, -3.2126674546973355, -1.2663301177956339, -0.7481359439525628, 0.2526697735414933, -3.2126674546973355, -1.2663301177956339, -0.7481359439525628, 0.2527083654138172, -3.2126674546973355, -1.2663301177956339, -0.7481359439525628, 0.2527479654009665, -3.2126674546973355, -1.2663301177956339, -0.7481359439525628, 0.25278843736807177, -3.2126674546973355, -1.2663301177956339, -0.7481359439525628, 0.25282964852037715, -3.2126674546973355, -1.2663301177956339, -0.7481359439525628, 0.2528714720838314, -3.2126674546973355, -1.2663301177956339, -0.7481359439525628, 0.25291379040140016, -3.2126674546973355, -1.2663301177956339, -0.7481359439525628, 0.25295649070157844, -3.2126674546973355, -1.2663301177956339, -0.7481359439525628, 0.25299946836654835, -3.2126674546973355, -1.2663301177956339, -0.7481359439525628, 0.2530426277501333, -3.2126674546973355, -1.2663301177956339, -0.7481359439525628, 0.25308587930338156, -3.2126674546973355, -1.2663301177956339, -0.7481359439525628, 0.2531291405912041, -3.2126674546973355, -1.2663301177956339, -0.7481359439525628, 0.2531723372966176, -3.2126674546973355, -1.2663301177956339, -0.7481359439525628, 0.25321539951735234, -3.2126674546973355, -1.2663301177956339, -0.7481359439525628, 0.2532582652657288, -3.2126674546973355, -1.2663301177956339, -0.7481359439525628, 0.25330087612245095, -3.2126674546973355, -1.2663301177956339, -0.7481359439525628, 0.2533431816007521, -3.2126674546973355, -1.2663301177956339, -0.7481359439525628, 0.25338513469644247, -3.2126674546973355, -1.2663301177956339, -0.7481359439525628, 0.2534266928500441, -3.2126674546973355, -1.2663301177956339, -0.7481359439525628, 0.25346781988688055, -3.2126674546973355, -1.2663301177956339, -0.7481359439525628, 0.25350848119153624, -3.2126674546973355, -1.2663301177956339, -0.7481359439525628, 0.25354864646406094, -3.2126674546973355, -1.2663301177956339, -0.7481359439525628, 0.2535882903155932, -3.2126674546973355, -1.2663301177956339, -0.7481359439525628, 0.2536273893592112, -3.2126674546973355, -1.2663301177956339, -0.7481359439525628, 0.2536659232155814, -3.2126674546973355, -1.2663301177956339, -0.7481359439525628, 0.2537038759018329, -3.2126674546973355, -1.2663301177956339, -0.7481359439525628, 0.2537412310695413, -3.2126674546973355, -1.2663301177956339, -0.7481359439525628, 0.25377797694856785, -3.2126674546973355, -1.2663301177956339, -0.7481359439525628, 0.25381410331092347, -3.2126674546973355, -1.2663301177956339, -0.7481359439525628, 0.25384960192289013, -3.2126674546973355, -1.2663301177956339, -0.7481359439525628, 0.2538844663916564, -3.2126674546973355, -1.2663301177956339, -0.7481359439525628, 0.2539186919954174, -3.2126674546973355, -1.2663301177956339, -0.7481359439525628, 0.2539522755521785, -3.2126674546973355, -1.2663301177956339, -0.7481359439525628, 0.25398521529908874, -3.2126674546973355, -1.2663301177956339, -0.7481359439525628, 0.25401751074573636, -3.2126674546973355, -1.2663301177956339, -0.7481359439525628, 0.25404916258145477, -3.2126674546973355, -1.2663301177956339, -0.7481359439525628, 0.254080172560792, -3.2126674546973346, -1.2663301177956334, -0.7481359439525624, 2.4258120702505863, -3.2126674546973346, -1.2663301177956334, -0.7481359439525624, 2.5161007580836157, -3.2126674546973346, -1.2663301177956334, -0.7481359439525624, 2.495309132665218, -3.2126674546973346, -1.2663301177956334, -0.7481359439525624, 2.309767597059935, -3.2126674546973346, -1.2663301177956334, -0.7481359439525624, 1.8131006545300428, -3.2126674546973346, -1.2663301177956334, -0.7481359439525624, 1.0215825845090718, -3.2126674546973346, -1.2663301177956334, -0.7481359439525624, 0.308507469220554, -3.212682577495612, -1.2663009738574025, -0.7479519733015264, 0.05929893661123651, -3.212682577495612, -1.2663009738574025, -0.7479519733015264, 0.10830374394890255, -3.212682577495612, -1.2663009738574025, -0.7479519733015264, 0.1451484010402751, -3.212682577495612, -1.2663009738574025, -0.7479519733015264, 0.17224589388321723, -3.212682577495612, -1.2663009738574025, -0.7479519733015264, 0.19209041196969617, -3.212682577495612, -1.2663009738574025, -0.7479519733015264, 0.20656306430330876, -3.212682577495612, -1.2663009738574025, -0.7479519733015264, 0.21708987269796645, -3.212682577495612, -1.2663009738574025, -0.7479519733015264, 0.22473232738543847, -3.212682577495612, -1.2663009738574025, -0.7479519733015264, 0.23027188854710998, -3.212682577495612, -1.2663009738574025, -0.7479519733015264, 0.23428052591237863, -3.212682577495612, -1.2663009738574025, -0.7479519733015264, 0.23717556809300336, -3.212682577495612, -1.2663009738574025, -0.7479519733015264, 0.23926111803967082, -3.212682577495612, -1.2663009738574025, -0.7479519733015264, 0.24075836172085413, -3.212682577495612, -1.2663009738574025, -0.7479519733015264, 0.2418284193210272, -3.212682577495612, -1.2663009738574025, -0.7479519733015264, 0.24258848154314144, -3.212682577495612, -1.2663009738574025, -0.7479519733015264, 0.24312377961999557, -3.212682577495612, -1.2663009738574025, -0.7479519733015264, 0.24349636012803447, -3.212682577495612, -1.2663009738574025, -0.7479519733015264, 0.24375139069921004, -3.212682577495612, -1.2663009738574025, -0.7479519733015264, 0.24392171679510713, -3.212682577495612, -1.2663009738574025, -0.7479519733015264, 0.2440312433084473, -3.212682577495612, -1.2663009738574025, -0.7479519733015264, 0.24409734648394776, -3.212682577495612, -1.2663009738574025, -0.7479519733015264, 0.24413265679977605, -3.212682577495612, -1.2663009738574025, -0.7479519733015264, 0.24414634503526336, -3.212682577495612, -1.2663009738574025, -0.7479519733015264, 0.24414505738853326, -3.212682577495612, -1.2663009738574025, -0.7479519733015264, 0.24413360111137897, -3.212682577495612, -1.2663009738574025, -0.7479519733015264, 0.24411544467907162, -3.212682577495612, -1.2663009738574025, -0.7479519733015264, 0.24409308030125382, -3.212682577495612, -1.2663009738574025, -0.7479519733015264, 0.24406828908520845, -3.212682577495612, -1.2663009738574025, -0.7479519733015264, 0.24404233480580217, -3.212682577495612, -1.2663009738574025, -0.7479519733015264, 0.2440161051168124, -3.212682577495612, -1.2663009738574025, -0.7479519733015264, 0.24399021463939743, -3.212682577495612, -1.2663009738574025, -0.7479519733015264, 0.24396508020351895, -3.212682577495612, -1.2663009738574025, -0.7479519733015264, 0.2439409759353318, -3.212682577495612, -1.2663009738574025, -0.7479519733015264, 0.2439180725894362, -3.212682577495612, -1.2663009738574025, -0.7479519733015264, 0.24389646757976485, -3.212682577495612, -1.2663009738574025, -0.7479519733015264, 0.24387620706501767, -3.212682577495612, -1.2663009738574025, -0.7479519733015264, 0.24385729852260601, -3.212682577495612, -1.2663009738574025, -0.7479519733015264, 0.24383972556813635, -3.212682577495612, -1.2663009738574025, -0.7479519733015264, 0.2438234524342005, -3.212682577495612, -1.2663009738574025, -0.7479519733015264, 0.24380843428268933, -3.212682577495612, -1.2663009738574025, -0.7479519733015264, 0.24379461764160398, -3.212682577495612, -1.2663009738574025, -0.7479519733015264, 0.24378194467254036, -3.212682577495612, -1.2663009738574025, -0.7479519733015264, 0.24377035745182626, -3.212682577495612, -1.2663009738574025, -0.7479519733015264, 0.24375979530057532, -3.212682577495612, -1.2663009738574025, -0.7479519733015264, 0.2437501986975321, -3.212682577495612, -1.2663009738574025, -0.7479519733015264, 0.24374151080490092, -3.212682577495612, -1.2663009738574025, -0.7479519733015264, 0.24373367550047476, -3.212682577495612, -1.2663009738574025, -0.7479519733015264, 0.24372663884538726, -3.212682577495612, -1.2663009738574025, -0.7479519733015264, 0.2437203504614965, -3.212682577495612, -1.2663009738574025, -0.7479519733015264, 0.2437147605637983, -3.212682577495612, -1.2663009738574025, -0.7479519733015264, 0.24370982349157944, -3.212682577495612, -1.2663009738574025, -0.7479519733015264, 0.24370549406789543, -3.212682577495612, -1.2663009738574025, -0.7479519733015264, 0.24370173183421837, -3.212682577495612, -1.2663009738574025, -0.7479519733015264, 0.24369849725550563, -3.212682577495612, -1.2663009738574025, -0.7479519733015264, 0.24369575281600891, -3.212682577495612, -1.2663009738574025, -0.7479519733015264, 0.24369346496924038, -3.212682577495612, -1.2663009738574025, -0.7479519733015264, 0.24369159995549572, -3.212682577495612, -1.2663009738574025, -0.7479519733015264, 0.24369012646163438, -3.212682577495612, -1.2663009738574025, -0.7479519733015264, 0.24368901630133022, -3.212682577495612, -1.2663009738574025, -0.7479519733015264, 0.24368824193039904, -3.212682577495612, -1.2663009738574025, -0.7479519733015264, 0.2436877774802838, -3.212682577495612, -1.2663009738574025, -0.7479519733015264, 0.2436875998404581, -3.212682577495612, -1.2663009738574025, -0.7479519733015264, 0.24368768558105727, -3.212682577495612, -1.2663009738574025, -0.7479519733015264, 0.2436880143003932, -3.212682577495612, -1.2663009738574025, -0.7479519733015264, 0.2436885649969164, -3.212682577495612, -1.2663009738574025, -0.7479519733015264, 0.24368932019968823, -3.212682577495612, -1.2663009738574025, -0.7479519733015264, 0.24369026224242565, -3.212682577495612, -1.2663009738574025, -0.7479519733015264, 0.24369137435144952, -3.212682577495612, -1.2663009738574025, -0.7479519733015264, 0.24369264259730464, -3.212682577495612, -1.2663009738574025, -0.7479519733015264, 0.24369405180640274, -3.212682577495612, -1.2663009738574025, -0.7479519733015264, 0.2436955882193912, -3.212682577495612, -1.2663009738574025, -0.7479519733015264, 0.24369724020996017, -3.212682577495612, -1.2663009738574025, -0.7479519733015264, 0.2436989958734124, -3.212682577495612, -1.2663009738574025, -0.7479519733015264, 0.24370084409022313, -3.2126825774956114, -1.2663009738574025, -0.7479519733015265, 1.2472387148958262, -3.2126825774956114, -1.2663009738574025, -0.7479519733015265, 1.0089620925675924, -3.2126825774956114, -1.2663009738574025, -0.7479519733015265, 3.3932572013456275, -3.2126825774956114, -1.2663009738574025, -0.7479519733015265, 3.1098014765397357, -3.2126825774956114, -1.2663009738574025, -0.7479519733015265, 2.7065958481928694, -3.2126825774956114, -1.2663009738574025, -0.7479519733015265, 2.5162459390058727, -3.2126825774956114, -1.2663009738574025, -0.7479519733015265, 2.4166261314953514, -3.2126825774956114, -1.2663009738574025, -0.7479519733015265, 2.343399271812428, -3.2126825774956114, -1.2663009738574025, -0.7479519733015265, 2.2744601068169303, -3.2126825774956114, -1.2663009738574025, -0.7479519733015265, 2.200047502945307, -3.2126825774956114, -1.2663009738574025, -0.7479519733015265, 2.1137606909066813, -3.2126825774956114, -1.2663009738574025, -0.7479519733015265, 2.010513995674267, -3.2126825774956114, -1.2663009738574025, -0.7479519733015265, 1.8866099173882644, -3.2126825774956114, -1.2663009738574025, -0.7479519733015265, 1.7407219438526593, -3.2126825774956114, -1.2663009738574025, -0.7479519733015265, 1.5751310210918072, -3.2126825774956114, -1.2663009738574025, -0.7479519733015265, 1.3963407672016923, -3.2126825774956114, -1.2663009738574025, -0.7479519733015265, 1.2142239274063105, -3.2126825774956114, -1.2663009738574025, -0.7479519733015265, 1.0396478747738152, -3.2126825774956114, -1.2663009738574025, -0.7479519733015265, 0.881661974496353, -3.2126825774956114, -1.2663009738574025, -0.7479519733015265, 0.7397368180812431, -3.2126825774956114, -1.2663009738574025, -0.7479519733015265, 0.6185979813196933, -3.2126825774956114, -1.2663009738574025, -0.7479519733015265, 0.5239327874945648, -3.2126825774956114, -1.2663009738574025, -0.7479519733015265, 0.451736193443058, -3.2126825774956114, -1.2663009738574025, -0.7479519733015265, 0.39752646800979596, -3.2126825774956114, -1.2663009738574025, -0.7479519733015265, 0.35720395350197404, -3.2126825774956114, -1.2663009738574025, -0.7479519733015265, 0.32737247904530103, -3.2126825774956114, -1.2663009738574025, -0.7479519733015265, 0.3053668179251949, -3.2126825774956114, -1.2663009738574025, -0.7479519733015265, 0.2891578816974434, -3.2126825774956114, -1.2663009738574025, -0.7479519733015265, 0.2772262126020655, -3.2126825774956114, -1.2663009738574025, -0.7479519733015265, 0.26844535345998427, -3.2126825774956114, -1.2663009738574025, -0.7479519733015265, 0.26198337087535356, -3.2126825774956114, -1.2663009738574025, -0.7479519733015265, 0.25722739106936665, -3.2126825774956114, -1.2663009738574025, -0.7479519733015265, 0.2537265376371575, -3.2126825774956114, -1.2663009738574025, -0.7479519733015265, 0.25114941491188497, -3.2126825774956114, -1.2663009738574025, -0.7479519733015265, 0.24925206569435687, -3.2126825774956114, -1.2663009738574025, -0.7479519733015265, 0.24785509158526045, -3.2126825774956114, -1.2663009738574025, -0.7479519733015265, 0.2468264960021173, -3.2126825774956114, -1.2663009738574025, -0.7479519733015265, 0.24606912816720033, -3.2126825774956114, -1.2663009738574025, -0.7479519733015265, 0.245511860748347, -3.2126825774956114, -1.2663009738574025, -0.7479519733015265, 0.2451012207086331, -3.2126825774956114, -1.2663009738574025, -0.7479519733015265, 0.24479899568773417, -3.2126825774956114, -1.2663009738574025, -0.7479519733015265, 0.2445765930574993, -3.2126825774956114, -1.2663009738574025, -0.7479519733015265, 0.24441298061745376, -3.2126825774956114, -1.2663009738574025, -0.7479519733015265, 0.2442928368762903, -3.2126825774956114, -1.2663009738574025, -0.7479519733015265, 0.2442042029638349, -3.2126825774956114, -1.2663009738574025, -0.7479519733015265, 0.24413932846168201, -3.2126825774956114, -1.2663009738574025, -0.7479519733015265, 0.24409172053942388, -3.2126825774956114, -1.2663009738574025, -0.7479519733015265, 0.2440567064325881, -3.2126825774956114, -1.2663009738574025, -0.7479519733015265, 0.24403142746526305, -3.2126825774956114, -1.2663009738574025, -0.7479519733015265, 0.24401284499379133, -3.2126825774956114, -1.2663009738574025, -0.7479519733015265, 0.2439993737032632, -3.2126825774956114, -1.2663009738574025, -0.7479519733015265, 0.24398965160173178, -3.2126825774956114, -1.2663009738574025, -0.7479519733015265, 0.24398268579026813, -3.2126825774956114, -1.2663009738574025, -0.7479519733015265, 0.24397788481982258, -3.2126825774956114, -1.2663009738574025, -0.7479519733015265, 0.2439742537285291, -3.2126825774956114, -1.2663009738574025, -0.7479519733015265, 0.2439719327987029, -3.2126825774956114, -1.2663009738574025, -0.7479519733015265, 0.2439703824802039, -3.2126825774956114, -1.2663009738574025, -0.7479519733015265, 0.24396927736478763, -3.2126825774956114, -1.2663009738574025, -0.7479519733015265, 0.24396893062335534, -3.2126825774956114, -1.2663009738574025, -0.7479519733015265, 0.2439686965247361, -3.2126825774956114, -1.2663009738574025, -0.7479519733015265, 0.24396871167079845, -3.2126825774956114, -1.2663009738574025, -0.7479519733015265, 0.24396889522597634, -3.2126825774956114, -1.2663009738574025, -0.7479519733015265, 0.2439691975401421, -3.2126825774956114, -1.2663009738574025, -0.7479519733015265, 0.24396972079123425, -3.2126825774956114, -1.2663009738574025, -0.7479519733015265, 0.24396998638865225, -3.2126825774956114, -1.2663009738574025, -0.7479519733015265, 0.24397050644822862, -3.2126825774956114, -1.2663009738574025, -0.7479519733015265, 0.24397102194553646, -3.2126825774956114, -1.2663009738574025, -0.7479519733015265, 0.24397141234503786, -3.2126825774956114, -1.2663009738574025, -0.7479519733015265, 0.2439721403860591, -3.2126825774956114, -1.2663009738574025, -0.7479519733015265, 0.24397267307025033, -3.2126825774956114, -1.2663009738574025, -0.7479519733015265, 0.24397322818423037, -3.2126825774956114, -1.2663009738574025, -0.7479519733015265, 0.2439737852769784, -3.2126825774956114, -1.2663009738574025, -0.7479519733015265, 0.24397433914653902, -3.2126825774956114, -1.2663009738574025, -0.7479519733015265, 0.24397502466224294, -3.2126825774956114, -1.2663009738574025, -0.7479519733015265, 0.2439753874950674, -3.2126825774956114, -1.2663009738574025, -0.7479519733015265, 0.24397595731066032, -3.2126825774956114, -1.2663009738574025, -0.7479519733015265, 0.24397648826082258, -3.2126825774956114, -1.2663009738574025, -0.7479519733015265, 0.24397686940853722, -3.2126825774956114, -1.2663009738574025, -0.7479519733015265, 0.2439775705553794, -3.2126825774956114, -1.2663009738574025, -0.7479519733015265, 0.24397806392611537, -3.2126825774956114, -1.2663009738574025, -0.7479519733015265, 0.2439785711073723, -3.2126825774956114, -1.2663009738574025, -0.7479519733015265, 0.2439790744549306, -3.2126825774956114, -1.2663009738574025, -0.7479519733015265, 0.24397957081993835, -3.2126825774956114, -1.2663009738574025, -0.7479519733015265, 0.24398019658374331, -3.2126825774956114, -1.2663009738574025, -0.7479519733015265, 0.24398049847578282, -3.2126825774956114, -1.2663009738574025, -0.7479519733015265, 0.24398100698843816, -3.2126825774956114, -1.2663009738574025, -0.7479519733015265, 0.24398147684584537, -3.2126825774956114, -1.2663009738574025, -0.7479519733015265, 0.24398179750353258, -3.2126825774956114, -1.2663009738574025, -0.7479519733015265, 0.24398243909664968, -3.2126825774956114, -1.2663009738574025, -0.7479519733015265, 0.24398287401729582, -3.2126825774956114, -1.2663009738574025, -0.7479519733015265, 0.24398332400221373, -3.2126825774956114, -1.2663009738574025, -0.7479519733015265, 0.2439837715037598, -3.2126825774956114, -1.2663009738574025, -0.7479519733015266, 10.0, -3.2126825774956114, -1.2663009738574025, -0.7479519733015266, 10.0, -3.2126825774956114, -1.2663009738574025, -0.7479519733015266, 7.755157642025318, -3.2126825774956114, -1.2663009738574025, -0.7479519733015266, 2.316962524929539, -3.2126825774956114, -1.2663009738574025, -0.7479519733015266, 1.460588084832874, -3.2126825774956114, -1.2663009738574025, -0.7479519733015266, 2.1873588950741656, -3.2126825774956114, -1.2663009738574025, -0.7479519733015266, 2.257897870288762, -3.2126825774956114, -1.2663009738574025, -0.7479519733015266, 2.2628234601230313, -3.2126825774956114, -1.2663009738574025, -0.7479519733015266, 2.257936512627821, -3.2126825774956114, -1.2663009738574025, -0.7479519733015266, 2.247859422413044, -3.2126825774956114, -1.2663009738574025, -0.7479519733015266, 2.231309477772133, -3.2126825774956114, -1.2663009738574025, -0.7479519733015266, 2.2061863474273222, -3.2126825774956114, -1.2663009738574025, -0.7479519733015266, 2.1700323842681777, -3.2126825774956114, -1.2663009738574025, -0.7479519733015266, 2.119973085541199, -3.2126825774956114, -1.2663009738574025, -0.7479519733015266, 2.052738593793615, -3.2126825774956114, -1.2663009738574025, -0.7479519733015266, 1.9649724423947383, -3.2126825774956114, -1.2663009738574025, -0.7479519733015266, 1.8539783870209052, -3.2126825774956114, -1.2663009738574025, -0.7479519733015266, 1.7189278432267125, -3.2126825774956114, -1.2663009738574025, -0.7479519733015266, 1.5538416380924633, -3.2126825774956114, -1.2663009738574025, -0.7479519733015266, 1.36377535506352, -3.2126825774956114, -1.2663009738574025, -0.7479519733015266, 1.169131650658694, -3.2126825774956114, -1.2663009738574025, -0.7479519733015266, 0.9842866966834187, -3.2126825774956114, -1.2663009738574025, -0.7479519733015266, 0.8205156335961266, -3.2126825774956114, -1.2663009738574025, -0.7479519733015266, 0.6836114447310289, -3.2126825774956114, -1.2663009738574025, -0.7479519733015266, 0.5741746499336282, -3.2126825774956114, -1.2663009738574025, -0.7479519733015266, 0.48944294480085404, -3.2126825774956114, -1.2663009738574025, -0.7479519733015266, 0.42522329829761907, -3.2126825774956114, -1.2663009738574025, -0.7479519733015266, 0.3772006514593583, -3.2126825774956114, -1.2663009738574025, -0.7479519733015266, 0.34157885070450666, -3.2126825774956114, -1.2663009738574025, -0.7479519733015266, 0.3152777156493097, -3.2126825774956114, -1.2663009738574025, -0.7479519733015266, 0.2959076333607695, -3.2126825774956114, -1.2663009738574025, -0.7479519733015266, 0.28166081535825627, -3.2126825774956114, -1.2663009738574025, -0.7479519733015266, 0.27118886674919757, -3.2126825774956114, -1.2663009738574025, -0.7479519733015266, 0.26349368128395945, -3.2126825774956114, -1.2663009738574025, -0.7479519733015266, 0.2578391767281645, -3.2126825774956114, -1.2663009738574025, -0.7479519733015266, 0.2536842227234428, -3.2126825774956114, -1.2663009738574025, -0.7479519733015266, 0.25063095285599785, -3.2126825774956114, -1.2663009738574025, -0.7479519733015266, 0.2483869699531765, -3.2126825774956114, -1.2663009738574025, -0.7479519733015266, 0.24673754561739877, -3.2126825774956114, -1.2663009738574025, -0.7479519733015266, 0.24552502499309975, -3.2126825774956114, -1.2663009738574025, -0.7479519733015266, 0.24463354027315568, -3.2126825774956114, -1.2663009738574025, -0.7479519733015266, 0.24397794756387467, -3.2126825774956114, -1.2663009738574025, -0.7479519733015266, 0.2434956978532853, -3.2126825774956114, -1.2663009738574025, -0.7479519733015266, 0.2431408578141085, -3.2126825774956114, -1.2663009738574025, -0.7479519733015266, 0.24287966205177156, -3.2126825774956114, -1.2663009738574025, -0.7479519733015266, 0.24268728677318793, -3.2126825774956114, -1.2663009738574025, -0.7479519733015266, 0.2425455037829183, -3.2126825774956114, -1.2663009738574025, -0.7479519733015266, 0.24244090946136163, -3.2126825774956114, -1.2663009738574025, -0.7479519733015266, 0.24236365950467087, -3.2126825774956114, -1.2663009738574025, -0.7479519733015266, 0.24230651744004247, -3.2126825774956114, -1.2663009738574025, -0.7479519733015266, 0.24226416245897914, -3.2126825774956114, -1.2663009738574025, -0.7479519733015266, 0.24223268370906134, -3.2126825774956114, -1.2663009738574025, -0.7479519733015266, 0.24220921111344373, -3.2126825774956114, -1.2663009738574025, -0.7479519733015266, 0.24219163153749498, -3.2126825774956114, -1.2663009738574025, -0.7479519733015266, 0.24217839273964967, -3.2126825774956114, -1.2663009738574025, -0.7479519733015266, 0.2421683536680431, -3.2126825774956114, -1.2663009738574025, -0.7479519733015266, 0.24216067548394996, -3.2126825774956114, -1.2663009738574025, -0.7479519733015266, 0.24215474145538174, -3.2126825774956114, -1.2663009738574025, -0.7479519733015266, 0.24215009808530563, -3.2126825774956114, -1.2663009738574025, -0.7479519733015266, 0.24214641184709793, -3.2126825774956114, -1.2663009738574025, -0.7479519733015266, 0.24214343738779123, -3.2126825774956114, -1.2663009738574025, -0.7479519733015266, 0.24214099434328148, -3.2126825774956114, -1.2663009738574025, -0.7479519733015266, 0.24213894923838306, -3.2126825774956114, -1.2663009738574025, -0.7479519733015266, 0.2421372049324264, -3.2126825774956114, -1.2663009738574025, -0.7479519733015266, 0.2421356887027184, -3.2126825774956114, -1.2663009738574025, -0.7479519733015266, 0.2421343474625084, -3.2126825774956114, -1.2663009738574025, -0.7479519733015266, 0.24213314161311905, -3.2126825774956114, -1.2663009738574025, -0.7479519733015266, 0.24213204318477793, -3.2126825774956114, -1.2663009738574025, -0.7479519733015266, 0.24213102904841333, -3.2126825774956114, -1.2663009738574025, -0.7479519733015266, 0.2421300840418534, -3.2126825774956114, -1.2663009738574025, -0.7479519733015266, 0.24212919605671507, -3.2126825774956114, -1.2663009738574025, -0.7479519733015266, 0.242128355629228, -3.2126825774956114, -1.2663009738574025, -0.7479519733015266, 0.24212755750853482, -3.2126825774956114, -1.2663009738574025, -0.7479519733015266, 0.24212679463025574, -3.2126825774956114, -1.2663009738574025, -0.7479519733015266, 0.24212606397664307, -3.2126825774956114, -1.2663009738574025, -0.7479519733015266, 0.2421253627840839, -3.2126825774956114, -1.2663009738574025, -0.7479519733015266, 0.24212468813708388, -3.2126825774956114, -1.2663009738574025, -0.7479519733015266, 0.2421240383493765, -3.2126825774956114, -1.2663009738574025, -0.7479519733015266, 0.24212341138900637, -3.2126825774956114, -1.2663009738574025, -0.7479519733015266, 0.24212280724009372, -3.2126825774956114, -1.2663009738574025, -0.7479519733015266, 0.24212222392498667, -3.2126825774956114, -1.2663009738574025, -0.7479519733015266, 0.24212166009331212, -3.2126825774956114, -1.2663009738574025, -0.7479519733015266, 0.24212111573219472, -3.2126825774956114, -1.2663009738574025, -0.7479519733015266, 0.2421205898491108, -3.2126825774956114, -1.2663009738574025, -0.7479519733015266, 0.24212008153457595, -3.2126825774956114, -1.2663009738574025, -0.7479519733015266, 0.24211959107056988, -3.2126825774956114, -1.2663009738574025, -0.7479519733015266, 0.24211911704950947, -3.2126825774956114, -1.2663009738574025, -0.7479519733015266, 0.24211865965968624, -3.2126825774956114, -1.2663009738574025, -0.7479519733015266, 0.24211821727411992, -3.2126825774956114, -1.2663009738574025, -0.7479519733015266, 0.24211779005297066, -3.2126825774956114, -1.2663009738574025, -0.7479519733015266, 0.24211737846493278
-2.0, -0.5, -0.5, 0.01
-2.0, -0.5, -0.5, 0.01
-2.0, -0.5, -0.5, 0.01
-2.0, -0.5, -0.5, 0.01
-2.0, -0.5, -0.5, 0.01
-2.0, -0.5, -0.5, 0.01
-2.0, -0.5, -0.5, 0.01
-2.0, -0.5, -0.5, 0.01, -2.117043503709381, -0.4467407831976965, -0.4962048620335978, 4.102615387548286
-2.0, -0.5, -0.5, 0.01, -1.7562856939921114, 0.17433847817399317, -0.4715332154133671, 4.905992357394811, -1.624290015870037, 0.0627511792952926, 0.01661978688269672, 3.907433925914932, -1.624290015870037, 0.0627511792952926, 0.01661978688269672, 6.464824054493002, -1.8299202622777013, 0.04550357889668548, -0.21363946118346797, 1.0660305553490896, -1.8299202622777013, 0.04550357889668548, -0.21363946118346797, 3.6892992093033707, -1.8299202622777013, 0.04550357889668548, -0.21363946118346797, 6.401182538920072, -1.8299202622777013, 0.04550357889668548, -0.21363946118346797, 10.0, -1.8299202622777013, 0.04550357889668548, -0.21363946118346797, 8.075387034289667, -1.8299202622777013, 0.04550357889668548, -0.21363946118346797, 7.68071993877303
-2.0, -0.5, -0.5, 0.01
-2.0, -0.5, -0.5, 0.01
-2.0, -0.5, -0.5, 0.01
-2.0, -0.5, -0.5, 0.01
