-2.0, -0.5, -0.5, 0.01
-2.0, -0.5, -0.5, 0.01
-2.0, -0.5, -0.5, 0.01
-2.0, -0.5, -0.5, 0.01
-2.0, -0.5, -0.5, 0.01, -2.0, -0.5, -0.5, 3.9935114220724697, -2.0, -0.5, -0.5, 3.737558938586849, -2.0, -0.5, -0.5, 3.506257057829544, -2.0, -0.5, -0.5, 3.2917103218305677, -2.0, -0.5, -0.5, 12.888744170038237, -2.0, -0.5, -0.5, 11.109657223653976, -2.6647689714136233, -0.9245802360512314, -0.4053274204463839, 4.091343327413459
-2.0, -0.5, -0.5, 0.01, -3.2706888529923006, -0.1656029721450497, -0.13617775213581557, 12.763636806372872
-2.0, -0.5, -0.5, 0.01
-2.0, -0.5, -0.5, 0.01
-2.0, -0.5, -0.5, 0.01
-2.0, -0.5, -0.5, 0.01
-2.0, -0.5, -0.5, 0.01
-2.0, -0.5, -0.5, 0.01
-2.0, -0.5, -0.5, 0.01, -2.0, -0.5, -0.5, 18.101632802637596
-2.0, -0.5, -0.5, 0.01, -2.0, -0.5, -0.5, 2.898083559617875, -2.0, -0.5, -0.5, 2.929469800209311, -2.0, -0.5, -0.5, 2.950056861563701, -2.0, -0.5, -0.5, 2.937743094064241, -2.0, -0.5, -0.5, 2.817233225895023, -2.0, -0.5, -0.5, 2.504605518934811, -2.0, -0.5, -0.5, 1.6394111810264533, -2.0, -0.5, -0.5, 0.899306981352962, -2.0, -0.5, -0.5, 0.17578248242346875, -2.0, -0.5, -0.5, 0.012646709045039084, -1.9896914773163132, -0.5102515839338868, -0.48214799681053216, 0.06513354985064784, -1.9896914773163132, -0.5102515839338868, -0.48214799681053216, 0.1269706571454192, -1.9896914773163132, -0.5102515839338868, -0.48214799681053216, 0.1638168124688508, -1.9896914773163132, -0.5102515839338868, -0.48214799681053216, 0.1900193696989537, -1.9896914773163132, -0.5102515839338868, -0.48214799681053216, 0.20967023781190647, -1.9896914773163132, -0.5102515839338868, -0.48214799681053216, 0.2242730881244399, -1.9896914773163132, -0.5102515839338868, -0.48214799681053216, 0.23446111121762017, -1.9896914773163132, -0.5102515839338868, -0.48214799681053216, 0.24154882814717504, -1.9896914773163132, -0.5102515839338868, -0.48214799681053216, 0.24646084858061548, -1.9896914773163132, -0.5102515839338868, -0.48214799681053216, 0.24985426770172323, -1.9896914773163132, -0.5102515839338868, -0.48214799681053216, 0.25219228399420485, -1.9896914773163132, -0.5102515839338868, -0.48214799681053216, 0.253799462625757, -1.9896914773163132, -0.5102515839338868, -0.48214799681053216, 0.2549020065837264, -1.9896914773163132, -0.5102515839338868, -0.48214799681053216, 0.25565684884140305, -1.9896914773163132, -0.5102515839338868, -0.48214799681053216, 0.2561724942751697, -1.9896914773163132, -0.5102515839338868, -0.48214799681053216, 0.25652385264689265, -1.9896914773163132, -0.5102515839338868, -0.48214799681053216, 0.2567625365173168, -1.9896914773163132, -0.5102515839338868, -0.48214799681053216, 0.25692403195245644, -1.9896914773163132, -0.5102515839338868, -0.48214799681053216, 0.25703291833285935, -1.9896914773163132, -0.5102515839338868, -0.48214799681053216, 0.25710550392384235, -1.9896914773163132, -0.5102515839338868, -0.48214799681053216, 0.2571533394385577, -1.9896914773163132, -0.5102515839338868, -0.48214799681053216, 0.2571845421354849, -1.9896914773163132, -0.5102515839338868, -0.48214799681053216, 0.25720402642179496, -1.9896914773163132, -0.5102515839338868, -0.48214799681053216, 0.2572160252432141, -1.9896914773163132, -0.5102515839338868, -0.48214799681053216, 0.25722280852135765, -1.9896914773163132, -0.5102515839338868, -0.48214799681053216, 0.257226094935913, -1.9896914773163132, -0.5102515839338868, -0.48214799681053216, 0.25722705475055807, -1.9896914773163132, -0.5102515839338868, -0.48214799681053216, 0.2572264850815429, -1.9896914773163132, -0.5102515839338868, -0.48214799681053216, 0.2572249278944365, -1.9896914773163132, -0.5102515839338868, -0.48214799681053216, 0.2572227507804694, -1.9896914773163132, -0.5102515839338868, -0.48214799681053216, 0.25722020243846266, -1.9896914773163132, -0.5102515839338868, -0.48214799681053216, 0.2572174496391738, -1.9896914773163132, -0.5102515839338868, -0.48214799681053216, 0.25721460441007915, -1.9896914773163132, -0.5102515839338868, -0.48214799681053216, 0.25721174012953674, -1.9896914773163132, -0.5102515839338868, -0.48214799681053216, 0.2572089067089827, -1.9896914773163132, -0.5102515839338868, -0.48214799681053216, 0.25720613387792784, -1.9896914773163132, -0.5102515839338868, -0.48214799681053216, 0.25720344015140795, -1.9896914773163132, -0.5102515839338868, -0.48214799681053216, 0.25720083765347285, -1.9896914773163132, -0.5102515839338868, -0.48214799681053216, 0.2571983318058831, -1.9896914773163132, -0.5102515839338868, -0.48214799681053216, 0.25719592449103024, -1.9896914773163132, -0.5102515839338868, -0.48214799681053216, 0.2571936167201812, -1.9896914773163132, -0.5102515839338868, -0.48214799681053216, 0.257191405763145, -1.9896914773163132, -0.5102515839338868, -0.48214799681053216, 0.25718928994752416, -1.9896914773163132, -0.5102515839338868, -0.48214799681053216, 0.2571872646441495, -1.9896914773163132, -0.5102515839338868, -0.48214799681053216, 0.25718532773132985, -1.9896914773163132, -0.5102515839338868, -0.48214799681053216, 0.2571834752371774, -1.9896914773163132, -0.5102515839338868, -0.48214799681053216, 0.2571817028812094, -1.9896914773163132, -0.5102515839338868, -0.48214799681053216, 0.2571800086527169, -1.9896914773163132, -0.5102515839338868, -0.48214799681053216, 0.25717838785519936, -1.9896914773163132, -0.5102515839338868, -0.48214799681053216, 0.25717683650636214, -1.9896914773163132, -0.5102515839338868, -0.48214799681053216, 0.257175352318432, -1.9896914773163132, -0.5102515839338868, -0.48214799681053216, 0.25717393177265985, -1.9896914773163132, -0.5102515839338868, -0.48214799681053216, 0.2571725715041464, -1.9896914773163132, -0.5102515839338868, -0.48214799681053216, 0.25717126975036075, -1.9896914773163132, -0.5102515839338868, -0.48214799681053216, 0.2571700226593937, -1.9896914773163132, -0.5102515839338868, -0.48214799681053216, 0.2571688285184343, -1.9896914773163132, -0.5102515839338868, -0.48214799681053216, 0.2571676833650402, -1.9896914773163132, -0.5102515839338868, -0.48214799681053216, 0.2571665861812264, -1.9896914773163132, -0.5102515839338868, -0.48214799681053216, 0.2571655343701506, -1.9896914773163132, -0.5102515839338868, -0.48214799681053216, 0.25716452504734283, -1.9896914773163132, -0.5102515839338868, -0.48214799681053216, 0.25716355863896523, -1.9896914773163132, -0.5102515839338868, -0.48214799681053216, 0.25716262998917017, -1.9896914773163132, -0.5102515839338868, -0.48214799681053216, 0.25716173916424073, -1.9896914773163132, -0.5102515839338868, -0.48214799681053216, 0.2571608840753175, -1.9896914773163132, -0.5102515839338868, -0.48214799681053216, 0.2571600624505426, -1.9896914773163132, -0.5102515839338868, -0.48214799681053216, 0.257159274329185, -1.9896914773163132, -0.5102515839338868, -0.48214799681053216, 0.25715851706736237, -1.9896914773163132, -0.5102515839338868, -0.48214799681053216, 0.25715778869619815, -1.9896914773163132, -0.5102515839338868, -0.48214799681053216, 0.25715708888054, -1.9896914773163132, -0.5102515839338868, -0.48214799681053216, 0.25715641598705197, -1.9896914773163132, -0.5102515839338868, -0.48214799681053216, 0.25715576845921867, -1.9896914773163132, -0.5102515839338868, -0.48214799681053216, 0.2571551462602277, -1.9896914773163132, -0.5102515839338868, -0.48214799681053216, 0.2571545471875986, -1.9896914773163132, -0.5102515839338868, -0.48214799681053216, 0.2571539710946287, -1.9896914773163132, -0.5102515839338868, -0.48214799681053216, 0.257153415511397, -1.9896914773163132, -0.5102515839338868, -0.48214799681053216, 0.25715288083299676, -1.9896914773163132, -0.5102515839338868, -0.48214799681053216, 0.25715236580638834, -1.9896914773163132, -0.5102515839338869, -0.4821479968105323, 12.202724400536413, -1.9896914773163132, -0.5102515839338869, -0.4821479968105323, 3.1449904339157837, -1.9896914773163132, -0.5102515839338869, -0.4821479968105323, 2.9932504592609104, -1.9896914773163132, -0.5102515839338869, -0.4821479968105323, 2.904073519809903, -1.9896914773163132, -0.5102515839338869, -0.4821479968105323, 2.7356490394560806, -1.9896914773163132, -0.5102515839338869, -0.4821479968105323, 2.3149802374479873, -1.9896914773163132, -0.5102515839338869, -0.4821479968105323, 1.5040920789652203, -1.9896914773163132, -0.5102515839338869, -0.4821479968105323, 0.6210391735582059, -1.9896914773163132, -0.5102515839338869, -0.4821479968105323, 0.13340258661596982, -1.9936826450829417, -0.5139270445985851, -0.47536263028230136, 0.015462297986141918, -1.9936826450829417, -0.5139270445985851, -0.47536263028230136, 0.06668609986238219, -1.9936826450829417, -0.5139270445985851, -0.47536263028230136, 0.12305724575276528, -1.9936826450829417, -0.5139270445985851, -0.47536263028230136, 0.1685587111194005, -1.9936826450829417, -0.5139270445985851, -0.47536263028230136, 0.2043698185657812, -1.9936826450829417, -0.5139270445985851, -0.47536263028230136, 0.23128346807623457, -1.9936826450829417, -0.5139270445985851, -0.47536263028230136, 0.25001032527875533, -1.9936826450829417, -0.5139270445985851, -0.47536263028230136, 0.2628928535949288, -1.9936826450829417, -0.5139270445985851, -0.47536263028230136, 0.2716931135034715, -1.9936826450829417, -0.5139270445985851, -0.47536263028230136, 0.27767643004372256, -1.9936826450829417, -0.5139270445985851, -0.47536263028230136, 0.2817294190713457, -1.9936826450829417, -0.5139270445985851, -0.47536263028230136, 0.2844657591688001, -1.9936826450829417, -0.5139270445985851, -0.47536263028230136, 0.2863066841662586, -1.9936826450829417, -0.5139270445985851, -0.47536263028230136, 0.2875397307430898, -1.9936826450829417, -0.5139270445985851, -0.47536263028230136, 0.2883604564591387, -1.9936826450829417, -0.5139270445985851, -0.47536263028230136, 0.288901691251702, -1.9936826450829417, -0.5139270445985851, -0.47536263028230136, 0.28925351231172336, -1.9936826450829417, -0.5139270445985851, -0.47536263028230136, 0.28947689033447893, -1.9936826450829417, -0.5139270445985851, -0.47536263028230136, 0.28961312517425525, -1.9936826450829417, -0.5139270445985851, -0.47536263028230136, 0.2896901704170316, -1.9936826450829417, -0.5139270445985851, -0.47536263028230136, 0.2897269701893448, -1.9936826450829417, -0.5139270445985851, -0.47536263028230136, 0.2897363738003535, -1.9936826450829417, -0.5139270445985851, -0.47536263028230136, 0.2897271065281003, -1.9936826450829417, -0.5139270445985851, -0.47536263028230136, 0.2897051093572864, -1.9936826450829417, -0.5139270445985851, -0.47536263028230136, 0.28967444039665885, -1.9936826450829417, -0.5139270445985851, -0.47536263028230136, 0.28963788197793316, -1.9936826450829417, -0.5139270445985851, -0.47536263028230136, 0.2895973520218786, -1.9936826450829417, -0.5139270445985851, -0.47536263028230136, 0.2895541812580457, -1.9936826450829417, -0.5139270445985851, -0.47536263028230136, 0.2895093004578533, -1.9936826450829417, -0.5139270445985851, -0.47536263028230136, 0.2894633669747392, -1.9936826450829417, -0.5139270445985851, -0.47536263028230136, 0.2894168503595661, -1.9936826450829417, -0.5139270445985851, -0.47536263028230136, 0.28937009072528597, -1.9936826450829417, -0.5139270445985851, -0.47536263028230136, 0.28932333673190985, -1.9936826450829417, -0.5139270445985851, -0.47536263028230136, 0.2892767746478746, -1.9936826450829417, -0.5139270445985851, -0.47536263028230136, 0.2892305440455676, -1.9936826450829417, -0.5139270445985851, -0.47536263028230136, 0.2891847555585745, -1.9936826450829417, -0.5139270445985851, -0.47536263028230136, 0.28913949133723477, -1.9936826450829417, -0.5139270445985851, -0.47536263028230136, 0.28909481664892944, -1.9936826450829417, -0.5139270445985851, -0.47536263028230136, 0.289050785746143, -1.9936826450829417, -0.5139270445985851, -0.47536263028230136, 0.2890074400386024, -1.9936826450829417, -0.5139270445985851, -0.47536263028230136, 0.28896481255244655, -1.9936826450829417, -0.5139270445985851, -0.47536263028230136, 0.2889229319351204, -1.9936826450829417, -0.5139270445985851, -0.47536263028230136, 0.28888181752513364, -1.9936826450829417, -0.5139270445985851, -0.47536263028230136, 0.28884148728071923, -1.9936826450829417, -0.5139270445985851, -0.47536263028230136, 0.2888019512114877, -1.9936826450829417, -0.5139270445985851, -0.47536263028230136, 0.2887632205622388, -1.9936826450829417, -0.5139270445985851, -0.47536263028230136, 0.2887253007770567, -1.9936826450829417, -0.5139270445985851, -0.47536263028230136, 0.28868819424069975, -1.9936826450829417, -0.5139270445985851, -0.47536263028230136, 0.2886519047326494, -1.9936826450829417, -0.5139270445985851, -0.47536263028230136, 0.28861642943775995, -1.9936826450829417, -0.5139270445985851, -0.47536263028230136, 0.28858176475465575, -1.9936826450829417, -0.5139270445985851, -0.47536263028230136, 0.2885479080799654, -1.9936826450829417, -0.5139270445985851, -0.47536263028230136, 0.2885148531624193, -1.9936826450829417, -0.5139270445985851, -0.47536263028230136, 0.2884825925408488, -1.9936826450829417, -0.5139270445985851, -0.47536263028230136, 0.2884511200718786, -1.9936826450829417, -0.5139270445985851, -0.47536263028230136, 0.2884204249978825, -1.9936826450829417, -0.5139270445985851, -0.47536263028230136, 0.28839049902186836, -1.9936826450829417, -0.5139270445985851, -0.47536263028230136, 0.2883613292175236, -1.9936826450829417, -0.5139270445985851, -0.47536263028230136, 0.28833290665568123, -1.9936826450829417, -0.5139270445985851, -0.47536263028230136, 0.28830521908547363, -1.9936826450829417, -0.5139270445985851, -0.47536263028230136, 0.2882782533558964, -1.9936826450829417, -0.5139270445985851, -0.47536263028230136, 0.2882519995738536, -1.9936826450829417, -0.5139270445985851, -0.47536263028230136, 0.2882264430109987, -1.9936826450829417, -0.5139270445985851, -0.47536263028230136, 0.2882015696685266, -1.9936826450829417, -0.5139270445985851, -0.47536263028230136, 0.2881773678902216, -1.9936826450829417, -0.5139270445985851, -0.47536263028230136, 0.2881538236408083, -1.9936826450829417, -0.5139270445985851, -0.47536263028230136, 0.28813092279883434, -1.9936826450829417, -0.5139270445985851, -0.47536263028230136, 0.28810865354815446, -1.9936826450829417, -0.5139270445985851, -0.47536263028230136, 0.28808700042597046, -1.9936826450829417, -0.5139270445985851, -0.47536263028230136, 0.2880659512250702, -1.9936826450829417, -0.5139270445985851, -0.47536263028230136, 0.28804548991508727, -1.9936826450829417, -0.5139270445985851, -0.47536263028230136, 0.288025605092655, -1.9936826450829417, -0.5139270445985851, -0.47536263028230136, 0.28800628268804923, -1.9936826450829417, -0.5139270445985851, -0.47536263028230136, 0.2879875082989269, -1.9936826450829417, -0.5139270445985851, -0.47536263028230136, 0.2879692712460297, -1.9936826450829417, -0.5139270445985851, -0.47536263028230136, 0.2879515565262248, -1.9936826450829417, -0.5139270445985851, -0.47536263028230136, 0.28793435026569636, -2.8137555816397968, -0.45351174986079656, -0.12570617658792915, 10.0, -2.8137555816397968, -0.45351174986079656, -0.12570617658792915, 10.777914038203788, -2.8137555816397968, -0.45351174986079656, -0.12570617658792915, 2.7648130846619634, -2.8137555816397968, -0.45351174986079656, -0.12570617658792915, 2.895133196720067, -2.8137555816397968, -0.45351174986079656, -0.12570617658792915, 3.2135974024648846, -2.8137555816397968, -0.45351174986079656, -0.12570617658792915, 3.603354559336231, -2.8137555816397968, -0.45351174986079656, -0.12570617658792915, 3.780647913532615, -2.8137555816397968, -0.45351174986079656, -0.12570617658792915, 3.5371020831023863, -2.8137555816397968, -0.45351174986079656, -0.12570617658792915, 2.4306146099212804, -2.8137555816397968, -0.45351174986079656, -0.12570617658792915, 0.7473988109116172, -2.8137555816397968, -0.45351174986079656, -0.12570617658792915, 0.04643819597433321, -2.8137555816397968, -0.45351174986079656, -0.12570617658792915, 0.04112229418050577, -2.8137555816397968, -0.45351174986079656, -0.12570617658792915, 0.13472427750697627, -2.8137555816397968, -0.45351174986079656, -0.12570617658792915, 0.1810375710871279, -2.8137555816397968, -0.45351174986079656, -0.12570617658792915, 0.23793130718485758, -2.8137555816397968, -0.45351174986079656, -0.12570617658792915, 0.21416510242824674, -2.8137555816397968, -0.45351174986079656, -0.12570617658792915, 0.29524276775739094, -2.8137555816397968, -0.45351174986079656, -0.12570617658792915, 0.21054636176978603, -2.8137555816397968, -0.45351174986079656, -0.12570617658792915, 0.1821887101716318, -2.8137555816397968, -0.45351174986079656, -0.12570617658792915, 0.17738996510186553, -2.8137555816397968, -0.45351174986079656, -0.12570617658792915, 0.17228002575261098, -2.8137555816397968, -0.45351174986079656, -0.12570617658792915, 0.16664930137079384, -2.8137555816397968, -0.45351174986079656, -0.12570617658792915, 0.16138417264065952, -2.8137555816397968, -0.45351174986079656, -0.12570617658792915, 0.1568916742015729, -2.8137555816397968, -0.45351174986079656, -0.12570617658792915, 0.1532527243816991, -2.8137555816397968, -0.45351174986079656, -0.12570617658792915, 0.1503981402692834, -2.8137555816397968, -0.45351174986079656, -0.12570617658792915, 0.14820521935255304, -2.8137555816397968, -0.45351174986079656, -0.12570617658792915, 0.14654418595359542, -2.8137555816397968, -0.45351174986079656, -0.12570617658792915, 0.145298039106786, -2.8137555816397968, -0.45351174986079656, -0.12570617658792915, 0.1443690878487173, -2.8137555816397968, -0.45351174986079656, -0.12570617658792915, 0.14367926273860793, -2.8137555816397968, -0.45351174986079656, -0.12570617658792915, 0.14316796140744117, -2.8137555816397968, -0.45351174986079656, -0.12570617658792915, 0.1427889813186684, -2.8137555816397968, -0.45351174986079656, -0.12570617658792915, 0.1425075638050336, -2.8137555816397968, -0.45351174986079656, -0.12570617658792915, 0.14229783693865772, -2.8137555816397968, -0.45351174986079656, -0.12570617658792915, 0.1421406615884669, -2.8137555816397968, -0.45351174986079656, -0.12570617658792915, 0.1420219671995394, -2.8137555816397968, -0.45351174986079656, -0.12570617658792915, 0.14193144437462352, -2.8137555816397968, -0.45351174986079656, -0.12570617658792915, 0.1418615617236501, -2.8137555816397968, -0.45351174986079656, -0.12570617658792915, 0.14180683148433973, -2.8137555816397968, -0.45351174986079656, -0.12570617658792915, 0.14176326271156953, -2.8137555816397968, -0.45351174986079656, -0.12570617658792915, 0.14172795353833892, -2.8137555816397968, -0.45351174986079656, -0.12570617658792915, 0.14169879401324045, -2.8137555816397968, -0.45351174986079656, -0.12570617658792915, 0.14167425318717636, -2.8137555816397968, -0.45351174986079656, -0.12570617658792915, 0.1416532169274491, -2.8137555816397968, -0.45351174986079656, -0.12570617658792915, 0.14163487455623325, -2.8137555816397968, -0.45351174986079656, -0.12570617658792915, 0.14161863491570303, -2.8137555816397968, -0.45351174986079656, -0.12570617658792915, 0.14160406575271137, -2.8137555816397968, -0.45351174986079656, -0.12570617658792915, 0.14159084981458656, -2.8137555816397968, -0.45351174986079656, -0.12570617658792915, 0.14157875310223003, -2.8137555816397968, -0.45351174986079656, -0.12570617658792915, 0.14156760177901404, -2.8137555816397968, -0.45351174986079656, -0.12570617658792915, 0.14155726572821803, -2.8137555816397968, -0.45351174986079656, -0.12570617658792915, 0.14154764639951753, -2.8137555816397968, -0.45351174986079656, -0.12570617658792915, 0.1415386683561162, -2.8137555816397968, -0.45351174986079656, -0.12570617658792915, 0.1415302726129054, -2.8137555816397968, -0.45351174986079656, -0.12570617658792915, 0.1415224125667091, -2.8137555816397968, -0.45351174986079656, -0.12570617658792915, 0.14151505027357486, -2.8137555816397968, -0.45351174986079656, -0.12570617658792915, 0.14150815461424449, -2.8137555816397968, -0.45351174986079656, -0.12570617658792915, 0.1415016991276889, -2.8137555816397968, -0.45351174986079656, -0.12570617658792915, 0.14149566092934168, -2.8137555816397968, -0.45351174986079656, -0.12570617658792915, 0.14149002005674288, -2.8137555816397968, -0.45351174986079656, -0.12570617658792915, 0.1414847583384164, -2.8137555816397968, -0.45351174986079656, -0.12570617658792915, 0.14147985925421422, -2.8137555816397968, -0.45351174986079656, -0.12570617658792915, 0.14147530768678335, -2.8137555816397968, -0.45351174986079656, -0.12570617658792915, 0.14147108938831132, -2.8137555816397968, -0.45351174986079656, -0.12570617658792915, 0.14146719093539478, -2.8137555816397968, -0.45351174986079656, -0.12570617658792915, 0.14146359973103198, -2.8137555816397968, -0.45351174986079656, -0.12570617658792915, 0.14146030355750036, -2.8137555816397968, -0.45351174986079656, -0.12570617658792915, 0.1414572909026189, -2.8137555816397968, -0.45351174986079656, -0.12570617658792915, 0.14145455049309505, -2.8137555816397968, -0.45351174986079656, -0.12570617658792915, 0.14145207174031144, -2.8137555816397968, -0.45351174986079656, -0.12570617658792915, 0.14144984428241048, -2.8137555816397968, -0.45351174986079656, -0.12570617658792915, 0.14144785809469693, -2.8137555816397968, -0.45351174986079656, -0.12570617658792915, 0.14144610370046481, -2.8137555816397968, -0.45351174986079656, -0.12570617658792915, 0.14144457168893287, -2.8137555816397968, -0.45351174986079656, -0.12570617658792915, 0.14144325301514477, -2.8137555816397968, -0.45351174986079656, -0.12570617658792915, 0.14144213907656578, -2.8137555816397968, -0.45351174986079656, -0.12570617658792915, 0.14144122142909232, -2.8137555816397968, -0.45351174986079656, -0.12570617658792915, 0.1414404919065556, -2.8137555816397968, -0.45351174986079656, -0.12570617658792915, 0.14143994274377616, -2.8137555816397968, -0.45351174986079656, -0.12570617658792915, 0.14143956622955878, -2.8137555816397968, -0.45351174986079656, -0.12570617658792915, 0.1414393550869201, -2.8137555816397968, -0.45351174986079656, -0.12570617658792915, 0.14143930206441113, -2.8137555816397968, -0.45351174986079656, -0.12570617658792915, 0.14143940040472236, -2.8137555816397968, -0.45351174986079656, -0.12570617658792915, 0.1414396434235741, -2.8137555816397968, -0.45351174986079656, -0.12570617658792915, 0.14144002463461597, -2.8137555816397968, -0.45351174986079656, -0.12570617658792915, 0.14144053797010525, -2.8137555816397968, -0.45351174986079656, -0.12570617658792915, 0.141441177319671, -2.8137555816397968, -0.45351174986079656, -0.12570617658792915, 0.1414419368314112, -2.8137555816397968, -0.45351174986079656, -0.12570617658792915, 0.14144281099273287, -2.8137555816397968, -0.45351174986079656, -0.12570617658792915, 0.14144379435818863, -2.8137555816397968, -0.45351174986079656, -0.12570617658792915, 0.14144488166967875
-2.0, -0.5, -0.5, 0.01, -2.0, -0.5, -0.5, 8.93564488241488, -2.0, -0.5, -0.5, 49.16482856260472
-2.0, -0.5, -0.5, 0.01
-2.0, -0.5, -0.5, 0.01
-2.0, -0.5, -0.5, 0.01
-2.0, -0.5, -0.5, 0.01
-2.0, -0.5, -0.5, 0.01
-2.0, -0.5, -0.5, 0.01
-2.0, -0.5, -0.5, 0.01, -2.0, -0.5, -0.5, 19.671341978803852
-2.0, -0.5, -0.5, 0.01, -2.0, -0.5, -0.5, 2.161187571076019, -2.0, -0.5, -0.5, 2.640172111170192, -2.0, -0.5, -0.5, 2.8005192302038946, -2.0, -0.5, -0.5, 2.8620829551650164, -0.027446882987485433, 0.7068421403560945, -1.0438411835225851, 13.369759144786581, -0.027446882987485433, 0.7068421403560945, -1.0438411835225851, 8.773826387639174
-2.0, -0.5, -0.5, 0.01, -2.2272617165299575, -2.6091639245837217, -0.22020388628037907, 8.770143190075327, -2.2272617165299575, -2.6091639245837217, -0.22020388628037907, 9.155977658868082
-2.0, -0.5, -0.5, 0.01
-2.0, -0.5, -0.5, 0.01
-2.0, -0.5, -0.5, 0.01
