-2.0, -0.5, -0.5, 0.01
-2.0, -0.5, -0.5, 0.01
-2.0, -0.5, -0.5, 0.01
-2.0, -0.5, -0.5, 0.01
-2.0, -0.5, -0.5, 0.01
-2.0, -0.5, -0.5, 0.01
-2.0, -0.5, -0.5, 0.01
-2.0, -0.5, -0.5, 0.01
-2.0, -0.5, -0.5, 0.01
-2.0, -0.5, -0.5, 0.01
-2.0, -0.5, -0.5, 0.01
-2.0, -0.5, -0.5, 0.01
-2.0, -0.5, -0.5, 0.01, -2.0, -0.5, -0.5, 18.101632802637596
-2.0, -0.5, -0.5, 0.01, -2.0, -0.5, -0.5, 2.898083559617875, -2.0, -0.5, -0.5, 2.929469800209311, -2.0, -0.5, -0.5, 2.950056861563701, -2.0, -0.5, -0.5, 2.937743094064241, -2.0, -0.5, -0.5, 2.817233225895023, -2.0, -0.5, -0.5, 2.504605518934811, -2.0, -0.5, -0.5, 1.6394111810264533, -2.0, -0.5, -0.5, 0.899306981352962, -2.0, -0.5, -0.5, 0.17578248242346875, -2.0, -0.5, -0.5, 0.012646709045039084, -1.9896914773163132, -0.5102515839338868, -0.48214799681053216, 0.06513354985064784, -1.9896914773163132, -0.5102515839338868, -0.48214799681053216, 0.1269706571454192, -1.9896914773163132, -0.5102515839338868, -0.48214799681053216, 0.1638168124688508, -1.9896914773163132, -0.5102515839338868, -0.48214799681053216, 0.1900193696989537, -1.9896914773163132, -0.5102515839338868, -0.48214799681053216, 0.20967023781190647, -1.9896914773163132, -0.5102515839338868, -0.48214799681053216, 0.2242730881244399, -1.9896914773163132, -0.5102515839338868, -0.48214799681053216, 0.23446111121762017, -1.9896914773163132, -0.5102515839338868, -0.48214799681053216, 0.24154882814717504, -1.9896914773163132, -0.5102515839338868, -0.48214799681053216, 0.24646084858061548, -1.9896914773163132, -0.5102515839338868, -0.48214799681053216, 0.24985426770172323, -1.9896914773163132, -0.5102515839338868, -0.48214799681053216, 0.25219228399420485, -1.9896914773163132, -0.5102515839338868, -0.48214799681053216, 0.253799462625757, -1.9896914773163132, -0.5102515839338868, -0.48214799681053216, 0.2549020065837264, -1.9896914773163132, -0.5102515839338868, -0.48214799681053216, 0.25565684884140305, -1.9896914773163132, -0.5102515839338868, -0.48214799681053216, 0.2561724942751697, -1.9896914773163132, -0.5102515839338868, -0.48214799681053216, 0.25652385264689265, -1.9896914773163132, -0.5102515839338868, -0.48214799681053216, 0.2567625365173168, -1.9896914773163132, -0.5102515839338868, -0.48214799681053216, 0.25692403195245644, -1.9896914773163132, -0.5102515839338868, -0.48214799681053216, 0.25703291833285935, -1.9896914773163132, -0.5102515839338868, -0.48214799681053216, 0.25710550392384235, -1.9896914773163132, -0.5102515839338868, -0.48214799681053216, 0.2571533394385577, -1.9896914773163132, -0.5102515839338868, -0.48214799681053216, 0.2571845421354849, -1.9896914773163132, -0.5102515839338868, -0.48214799681053216, 0.25720402642179496, -1.9896914773163132, -0.5102515839338868, -0.48214799681053216, 0.2572160252432141, -1.9896914773163132, -0.5102515839338868, -0.48214799681053216, 0.25722280852135765, -1.9896914773163132, -0.5102515839338868, -0.48214799681053216, 0.257226094935913, -1.9896914773163132, -0.5102515839338868, -0.48214799681053216, 0.25722705475055807, -1.9896914773163132, -0.5102515839338868, -0.48214799681053216, 0.2572264850815429, -1.9896914773163132, -0.5102515839338868, -0.48214799681053216, 0.2572249278944365, -1.9896914773163132, -0.5102515839338868, -0.48214799681053216, 0.2572227507804694, -1.9896914773163132, -0.5102515839338868, -0.48214799681053216, 0.25722020243846266, -1.9896914773163132, -0.5102515839338868, -0.48214799681053216, 0.2572174496391738, -1.9896914773163132, -0.5102515839338868, -0.48214799681053216, 0.25721460441007915, -1.9896914773163132, -0.5102515839338868, -0.48214799681053216, 0.25721174012953674, -1.9896914773163132, -0.5102515839338868, -0.48214799681053216, 0.2572089067089827, -1.9896914773163132, -0.5102515839338868, -0.48214799681053216, 0.25720613387792784, -1.9896914773163132, -0.5102515839338868, -0.48214799681053216, 0.25720344015140795, -1.9896914773163132, -0.5102515839338868, -0.48214799681053216, 0.25720083765347285, -1.9896914773163132, -0.5102515839338868, -0.48214799681053216, 0.2571983318058831, -1.9896914773163132, -0.5102515839338868, -0.48214799681053216, 0.25719592449103024, -1.9896914773163132, -0.5102515839338868, -0.48214799681053216, 0.2571936167201812, -1.9896914773163132, -0.5102515839338868, -0.48214799681053216, 0.257191405763145, -1.9896914773163132, -0.5102515839338868, -0.48214799681053216, 0.25718928994752416, -1.9896914773163132, -0.5102515839338868, -0.48214799681053216, 0.2571872646441495, -1.9896914773163132, -0.5102515839338868, -0.48214799681053216, 0.25718532773132985, -1.9896914773163132, -0.5102515839338868, -0.48214799681053216, 0.2571834752371774, -1.9896914773163132, -0.5102515839338868, -0.48214799681053216, 0.2571817028812094, -1.9896914773163132, -0.5102515839338868, -0.48214799681053216, 0.2571800086527169, -1.9896914773163132, -0.5102515839338868, -0.48214799681053216, 0.25717838785519936, -1.9896914773163132, -0.5102515839338868, -0.48214799681053216, 0.25717683650636214, -1.9896914773163132, -0.5102515839338868, -0.48214799681053216, 0.257175352318432, -1.9896914773163132, -0.5102515839338868, -0.48214799681053216, 0.25717393177265985, -1.9896914773163132, -0.5102515839338868, -0.48214799681053216, 0.2571725715041464, -1.9896914773163132, -0.5102515839338868, -0.48214799681053216, 0.25717126975036075, -1.9896914773163132, -0.5102515839338868, -0.48214799681053216, 0.2571700226593937, -1.9896914773163132, -0.5102515839338868, -0.48214799681053216, 0.2571688285184343, -1.9896914773163132, -0.5102515839338868, -0.48214799681053216, 0.2571676833650402, -1.9896914773163132, -0.5102515839338868, -0.48214799681053216, 0.2571665861812264, -1.9896914773163132, -0.5102515839338868, -0.48214799681053216, 0.2571655343701506, -1.9896914773163132, -0.5102515839338868, -0.48214799681053216, 0.25716452504734283, -1.9896914773163132, -0.5102515839338868, -0.48214799681053216, 0.25716355863896523, -1.9896914773163132, -0.5102515839338868, -0.48214799681053216, 0.25716262998917017, -1.9896914773163132, -0.5102515839338868, -0.48214799681053216, 0.25716173916424073, -1.9896914773163132, -0.5102515839338868, -0.48214799681053216, 0.2571608840753175, -1.9896914773163132, -0.5102515839338868, -0.48214799681053216, 0.2571600624505426, -1.9896914773163132, -0.5102515839338868, -0.48214799681053216, 0.257159274329185, -1.9896914773163132, -0.5102515839338868, -0.48214799681053216, 0.25715851706736237, -1.9896914773163132, -0.5102515839338868, -0.48214799681053216, 0.25715778869619815, -1.9896914773163132, -0.5102515839338868, -0.48214799681053216, 0.25715708888054, -1.9896914773163132, -0.5102515839338868, -0.48214799681053216, 0.25715641598705197, -1.9896914773163132, -0.5102515839338868, -0.48214799681053216, 0.25715576845921867, -1.9896914773163132, -0.5102515839338868, -0.48214799681053216, 0.2571551462602277, -1.9896914773163132, -0.5102515839338868, -0.48214799681053216, 0.2571545471875986, -1.9896914773163132, -0.5102515839338868, -0.48214799681053216, 0.2571539710946287, -1.9896914773163132, -0.5102515839338868, -0.48214799681053216, 0.257153415511397, -1.9896914773163132, -0.5102515839338868, -0.48214799681053216, 0.25715288083299676, -1.9896914773163132, -0.5102515839338868, -0.48214799681053216, 0.25715236580638834
-2.0, -0.5, -0.5, 0.01
-2.0, -0.5, -0.5, 0.01
-2.0, -0.5, -0.5, 0.01
-2.0, -0.5, -0.5, 0.01
-2.0, -0.5, -0.5, 0.01
-2.0, -0.5, -0.5, 0.01
-2.0, -0.5, -0.5, 0.01
-2.0, -0.5, -0.5, 0.01, -2.0, -0.5, -0.5, 19.671341978803852
-2.0, -0.5, -0.5, 0.01, -2.0, -0.5, -0.5, 2.161187571076019, -2.0, -0.5, -0.5, 2.640172111170192, -2.0, -0.5, -0.5, 2.8005192302038946, -2.0, -0.5, -0.5, 2.8620829551650164
-2.0, -0.5, -0.5, 0.01
-2.0, -0.5, -0.5, 0.01
-2.0, -0.5, -0.5, 0.01
-2.0, -0.5, -0.5, 0.01
