-2.0, -0.5, -0.5, 0.01
-2.0, -0.5, -0.5, 0.01
-2.0, -0.5, -0.5, 0.01
-2.0, -0.5, -0.5, 0.01
-2.0, -0.5, -0.5, 0.01, -2.0, -0.5, -0.5, 3.9935114220724697, -2.0, -0.5, -0.5, 3.737558938586849, -2.0, -0.5, -0.5, 3.506257057829544, -2.0, -0.5, -0.5, 3.2917103218305677, -2.0, -0.5, -0.5, 12.888744170038237, -2.0, -0.5, -0.5, 11.109657223653976, -2.6647689714136233, -0.9245802360512314, -0.4053274204463839, 4.091343327413459, -2.4275426436124183, -0.45488089500119744, -0.1332579388768138, 2.9884224894383893, -2.0876308873184093, -0.5351242161672106, -0.4674833595892826, 4.876356167740158, -2.0876308873184093, -0.5351242161672106, -0.4674833595892826, 4.029649217628933, -2.0876308873184093, -0.5351242161672106, -0.4674833595892826, 1.989469180637351, -2.0876308873184093, -0.5351242161672106, -0.4674833595892826, 3.0294331937824053, -2.08763088731841, -0.5351242161672106, -0.46748335958928267, 28.223052782952426, -2.08763088731841, -0.5351242161672106, -0.46748335958928267, 0.9662203882468277
-2.0, -0.5, -0.5, 0.01, -3.2706888529923006, -0.1656029721450497, -0.13617775213581557, 12.763636806372872, -3.269694078463908, -0.16586475900569392, -0.13646257489489283, 17.35012277010001
-2.0, -0.5, -0.5, 0.01
-2.0, -0.5, -0.5, 0.01
-2.0, -0.5, -0.5, 0.01
-2.0, -0.5, -0.5, 0.01
-2.0, -0.5, -0.5, 0.01
-2.0, -0.5, -0.5, 0.01
-2.0, -0.5, -0.5, 0.01, -2.0, -0.5, -0.5, 18.101632802637596, -2.0, -0.5, -0.5, 14.06040473284505
-2.0, -0.5, -0.5, 0.01, -2.0, -0.5, -0.5, 2.898083559617875, -2.0, -0.5, -0.5, 2.929469800209311, -2.0, -0.5, -0.5, 2.950056861563701, -2.0, -0.5, -0.5, 2.937743094064241, -2.0, -0.5, -0.5, 2.817233225895023, -2.0, -0.5, -0.5, 2.504605518934811, -2.0, -0.5, -0.5, 1.6394111810264533, -2.0, -0.5, -0.5, 0.899306981352962, -2.0, -0.5, -0.5, 0.17578248242346875, -2.0, -0.5, -0.5, 0.012646709045039084, -1.9896914773163132, -0.5102515839338868, -0.48214799681053216, 0.06513354985064784, -1.9896914773163132, -0.5102515839338868, -0.48214799681053216, 0.1269706571454192, -1.9896914773163132, -0.5102515839338868, -0.48214799681053216, 0.1638168124688508, -1.9896914773163132, -0.5102515839338868, -0.48214799681053216, 0.1900193696989537, -1.9896914773163132, -0.5102515839338868, -0.48214799681053216, 0.20967023781190647, -1.9896914773163132, -0.5102515839338868, -0.48214799681053216, 0.2242730881244399, -1.9896914773163132, -0.5102515839338868, -0.48214799681053216, 0.23446111121762017, -1.9896914773163132, -0.5102515839338868, -0.48214799681053216, 0.24154882814717504, -1.9896914773163132, -0.5102515839338868, -0.48214799681053216, 0.24646084858061548, -1.9896914773163132, -0.5102515839338868, -0.48214799681053216, 0.24985426770172323, -1.9896914773163132, -0.5102515839338868, -0.48214799681053216, 0.25219228399420485, -1.9896914773163132, -0.5102515839338868, -0.48214799681053216, 0.253799462625757, -1.9896914773163132, -0.5102515839338868, -0.48214799681053216, 0.2549020065837264, -1.9896914773163132, -0.5102515839338868, -0.48214799681053216, 0.25565684884140305, -1.9896914773163132, -0.5102515839338868, -0.48214799681053216, 0.2561724942751697, -1.9896914773163132, -0.5102515839338868, -0.48214799681053216, 0.25652385264689265, -1.9896914773163132, -0.5102515839338868, -0.48214799681053216, 0.2567625365173168, -1.9896914773163132, -0.5102515839338868, -0.48214799681053216, 0.25692403195245644, -1.9896914773163132, -0.5102515839338868, -0.48214799681053216, 0.25703291833285935, -1.9896914773163132, -0.5102515839338868, -0.48214799681053216, 0.25710550392384235, -1.9896914773163132, -0.5102515839338868, -0.48214799681053216, 0.2571533394385577, -1.9896914773163132, -0.5102515839338868, -0.48214799681053216, 0.2571845421354849, -1.9896914773163132, -0.5102515839338868, -0.48214799681053216, 0.25720402642179496, -1.9896914773163132, -0.5102515839338868, -0.48214799681053216, 0.2572160252432141, -1.9896914773163132, -0.5102515839338868, -0.48214799681053216, 0.25722280852135765, -1.9896914773163132, -0.5102515839338868, -0.48214799681053216, 0.257226094935913, -1.9896914773163132, -0.5102515839338868, -0.48214799681053216, 0.25722705475055807, -1.9896914773163132, -0.5102515839338868, -0.48214799681053216, 0.2572264850815429, -1.9896914773163132, -0.5102515839338868, -0.48214799681053216, 0.2572249278944365, -1.9896914773163132, -0.5102515839338868, -0.48214799681053216, 0.2572227507804694, -1.9896914773163132, -0.5102515839338868, -0.48214799681053216, 0.25722020243846266, -1.9896914773163132, -0.5102515839338868, -0.48214799681053216, 0.2572174496391738, -1.9896914773163132, -0.5102515839338868, -0.48214799681053216, 0.25721460441007915, -1.9896914773163132, -0.5102515839338868, -0.48214799681053216, 0.25721174012953674, -1.9896914773163132, -0.5102515839338868, -0.48214799681053216, 0.2572089067089827, -1.9896914773163132, -0.5102515839338868, -0.48214799681053216, 0.25720613387792784, -1.9896914773163132, -0.5102515839338868, -0.48214799681053216, 0.25720344015140795, -1.9896914773163132, -0.5102515839338868, -0.48214799681053216, 0.25720083765347285, -1.9896914773163132, -0.5102515839338868, -0.48214799681053216, 0.2571983318058831, -1.9896914773163132, -0.5102515839338868, -0.48214799681053216, 0.25719592449103024, -1.9896914773163132, -0.5102515839338868, -0.48214799681053216, 0.2571936167201812, -1.9896914773163132, -0.5102515839338868, -0.48214799681053216, 0.257191405763145, -1.9896914773163132, -0.5102515839338868, -0.48214799681053216, 0.25718928994752416, -1.9896914773163132, -0.5102515839338868, -0.48214799681053216, 0.2571872646441495, -1.9896914773163132, -0.5102515839338868, -0.48214799681053216, 0.25718532773132985, -1.9896914773163132, -0.5102515839338868, -0.48214799681053216, 0.2571834752371774, -1.9896914773163132, -0.5102515839338868, -0.48214799681053216, 0.2571817028812094, -1.9896914773163132, -0.5102515839338868, -0.48214799681053216, 0.2571800086527169, -1.9896914773163132, -0.5102515839338868, -0.48214799681053216, 0.25717838785519936, -1.9896914773163132, -0.5102515839338868, -0.48214799681053216, 0.25717683650636214, -1.9896914773163132, -0.5102515839338868, -0.48214799681053216, 0.257175352318432, -1.9896914773163132, -0.5102515839338868, -0.48214799681053216, 0.25717393177265985, -1.9896914773163132, -0.5102515839338868, -0.48214799681053216, 0.2571725715041464, -1.9896914773163132, -0.5102515839338868, -0.48214799681053216, 0.25717126975036075, -1.9896914773163132, -0.5102515839338868, -0.48214799681053216, 0.2571700226593937, -1.9896914773163132, -0.5102515839338868, -0.48214799681053216, 0.2571688285184343, -1.9896914773163132, -0.5102515839338868, -0.48214799681053216, 0.2571676833650402, -1.9896914773163132, -0.5102515839338868, -0.48214799681053216, 0.2571665861812264, -1.9896914773163132, -0.5102515839338868, -0.48214799681053216, 0.2571655343701506, -1.9896914773163132, -0.5102515839338868, -0.48214799681053216, 0.25716452504734283, -1.9896914773163132, -0.5102515839338868, -0.48214799681053216, 0.25716355863896523, -1.9896914773163132, -0.5102515839338868, -0.48214799681053216, 0.25716262998917017, -1.9896914773163132, -0.5102515839338868, -0.48214799681053216, 0.25716173916424073, -1.9896914773163132, -0.5102515839338868, -0.48214799681053216, 0.2571608840753175, -1.9896914773163132, -0.5102515839338868, -0.48214799681053216, 0.2571600624505426, -1.9896914773163132, -0.5102515839338868, -0.48214799681053216, 0.257159274329185, -1.9896914773163132, -0.5102515839338868, -0.48214799681053216, 0.25715851706736237, -1.9896914773163132, -0.5102515839338868, -0.48214799681053216, 0.25715778869619815, -1.9896914773163132, -0.5102515839338868, -0.48214799681053216, 0.25715708888054, -1.9896914773163132, -0.5102515839338868, -0.48214799681053216, 0.25715641598705197, -1.9896914773163132, -0.5102515839338868, -0.48214799681053216, 0.25715576845921867, -1.9896914773163132, -0.5102515839338868, -0.48214799681053216, 0.2571551462602277, -1.9896914773163132, -0.5102515839338868, -0.48214799681053216, 0.2571545471875986, -1.9896914773163132, -0.5102515839338868, -0.48214799681053216, 0.2571539710946287, -1.9896914773163132, -0.5102515839338868, -0.48214799681053216, 0.257153415511397, -1.9896914773163132, -0.5102515839338868, -0.48214799681053216, 0.25715288083299676, -1.9896914773163132, -0.5102515839338868, -0.48214799681053216, 0.25715236580638834, -1.9896914773163132, -0.5102515839338869, -0.4821479968105323, 12.202724400536413, -1.9896914773163132, -0.5102515839338869, -0.4821479968105323, 3.1449904339157837, -1.9896914773163132, -0.5102515839338869, -0.4821479968105323, 2.9932504592609104, -1.9896914773163132, -0.5102515839338869, -0.4821479968105323, 2.904073519809903, -1.9896914773163132, -0.5102515839338869, -0.4821479968105323, 2.7356490394560806, -1.9896914773163132, -0.5102515839338869, -0.4821479968105323, 2.3149802374479873, -1.9896914773163132, -0.5102515839338869, -0.4821479968105323, 1.5040920789652203, -1.9896914773163132, -0.5102515839338869, -0.4821479968105323, 0.6210391735582059, -1.9896914773163132, -0.5102515839338869, -0.4821479968105323, 0.13340258661596982, -1.9936826450829417, -0.5139270445985851, -0.47536263028230136, 0.015462297986141918, -1.9936826450829417, -0.5139270445985851, -0.47536263028230136, 0.06668609986238219, -1.9936826450829417, -0.5139270445985851, -0.47536263028230136, 0.12305724575276528, -1.9936826450829417, -0.5139270445985851, -0.47536263028230136, 0.1685587111194005, -1.9936826450829417, -0.5139270445985851, -0.47536263028230136, 0.2043698185657812, -1.9936826450829417, -0.5139270445985851, -0.47536263028230136, 0.23128346807623457, -1.9936826450829417, -0.5139270445985851, -0.47536263028230136, 0.25001032527875533, -1.9936826450829417, -0.5139270445985851, -0.47536263028230136, 0.2628928535949288, -1.9936826450829417, -0.5139270445985851, -0.47536263028230136, 0.2716931135034715, -1.9936826450829417, -0.5139270445985851, -0.47536263028230136, 0.27767643004372256, -1.9936826450829417, -0.5139270445985851, -0.47536263028230136, 0.2817294190713457, -1.9936826450829417, -0.5139270445985851, -0.47536263028230136, 0.2844657591688001, -1.9936826450829417, -0.5139270445985851, -0.47536263028230136, 0.2863066841662586, -1.9936826450829417, -0.5139270445985851, -0.47536263028230136, 0.2875397307430898, -1.9936826450829417, -0.5139270445985851, -0.47536263028230136, 0.2883604564591387, -1.9936826450829417, -0.5139270445985851, -0.47536263028230136, 0.288901691251702, -1.9936826450829417, -0.5139270445985851, -0.47536263028230136, 0.28925351231172336, -1.9936826450829417, -0.5139270445985851, -0.47536263028230136, 0.28947689033447893, -1.9936826450829417, -0.5139270445985851, -0.47536263028230136, 0.28961312517425525, -1.9936826450829417, -0.5139270445985851, -0.47536263028230136, 0.2896901704170316, -1.9936826450829417, -0.5139270445985851, -0.47536263028230136, 0.2897269701893448, -1.9936826450829417, -0.5139270445985851, -0.47536263028230136, 0.2897363738003535, -1.9936826450829417, -0.5139270445985851, -0.47536263028230136, 0.2897271065281003, -1.9936826450829417, -0.5139270445985851, -0.47536263028230136, 0.2897051093572864, -1.9936826450829417, -0.5139270445985851, -0.47536263028230136, 0.28967444039665885, -1.9936826450829417, -0.5139270445985851, -0.47536263028230136, 0.28963788197793316, -1.9936826450829417, -0.5139270445985851, -0.47536263028230136, 0.2895973520218786, -1.9936826450829417, -0.5139270445985851, -0.47536263028230136, 0.2895541812580457, -1.9936826450829417, -0.5139270445985851, -0.47536263028230136, 0.2895093004578533, -1.9936826450829417, -0.5139270445985851, -0.47536263028230136, 0.2894633669747392, -1.9936826450829417, -0.5139270445985851, -0.47536263028230136, 0.2894168503595661, -1.9936826450829417, -0.5139270445985851, -0.47536263028230136, 0.28937009072528597, -1.9936826450829417, -0.5139270445985851, -0.47536263028230136, 0.28932333673190985, -1.9936826450829417, -0.5139270445985851, -0.47536263028230136, 0.2892767746478746, -1.9936826450829417, -0.5139270445985851, -0.47536263028230136, 0.2892305440455676, -1.9936826450829417, -0.5139270445985851, -0.47536263028230136, 0.2891847555585745, -1.9936826450829417, -0.5139270445985851, -0.47536263028230136, 0.28913949133723477, -1.9936826450829417, -0.5139270445985851, -0.47536263028230136, 0.28909481664892944, -1.9936826450829417, -0.5139270445985851, -0.47536263028230136, 0.289050785746143, -1.9936826450829417, -0.5139270445985851, -0.47536263028230136, 0.2890074400386024, -1.9936826450829417, -0.5139270445985851, -0.47536263028230136, 0.28896481255244655, -1.9936826450829417, -0.5139270445985851, -0.47536263028230136, 0.2889229319351204, -1.9936826450829417, -0.5139270445985851, -0.47536263028230136, 0.28888181752513364, -1.9936826450829417, -0.5139270445985851, -0.47536263028230136, 0.28884148728071923, -1.9936826450829417, -0.5139270445985851, -0.47536263028230136, 0.2888019512114877, -1.9936826450829417, -0.5139270445985851, -0.47536263028230136, 0.2887632205622388, -1.9936826450829417, -0.5139270445985851, -0.47536263028230136, 0.2887253007770567, -1.9936826450829417, -0.5139270445985851, -0.47536263028230136, 0.28868819424069975, -1.9936826450829417, -0.5139270445985851, -0.47536263028230136, 0.2886519047326494, -1.9936826450829417, -0.5139270445985851, -0.47536263028230136, 0.28861642943775995, -1.9936826450829417, -0.5139270445985851, -0.47536263028230136, 0.28858176475465575, -1.9936826450829417, -0.5139270445985851, -0.47536263028230136, 0.2885479080799654, -1.9936826450829417, -0.5139270445985851, -0.47536263028230136, 0.2885148531624193, -1.9936826450829417, -0.5139270445985851, -0.47536263028230136, 0.2884825925408488, -1.9936826450829417, -0.5139270445985851, -0.47536263028230136, 0.2884511200718786, -1.9936826450829417, -0.5139270445985851, -0.47536263028230136, 0.2884204249978825, -1.9936826450829417, -0.5139270445985851, -0.47536263028230136, 0.28839049902186836, -1.9936826450829417, -0.5139270445985851, -0.47536263028230136, 0.2883613292175236, -1.9936826450829417, -0.5139270445985851, -0.47536263028230136, 0.28833290665568123, -1.9936826450829417, -0.5139270445985851, -0.47536263028230136, 0.28830521908547363, -1.9936826450829417, -0.5139270445985851, -0.47536263028230136, 0.2882782533558964, -1.9936826450829417, -0.5139270445985851, -0.47536263028230136, 0.2882519995738536, -1.9936826450829417, -0.5139270445985851, -0.47536263028230136, 0.2882264430109987, -1.9936826450829417, -0.5139270445985851, -0.47536263028230136, 0.2882015696685266, -1.9936826450829417, -0.5139270445985851, -0.47536263028230136, 0.2881773678902216, -1.9936826450829417, -0.5139270445985851, -0.47536263028230136, 0.2881538236408083, -1.9936826450829417, -0.5139270445985851, -0.47536263028230136, 0.28813092279883434, -1.9936826450829417, -0.5139270445985851, -0.47536263028230136, 0.28810865354815446, -1.9936826450829417, -0.5139270445985851, -0.47536263028230136, 0.28808700042597046, -1.9936826450829417, -0.5139270445985851, -0.47536263028230136, 0.2880659512250702, -1.9936826450829417, -0.5139270445985851, -0.47536263028230136, 0.28804548991508727, -1.9936826450829417, -0.5139270445985851, -0.47536263028230136, 0.288025605092655, -1.9936826450829417, -0.5139270445985851, -0.47536263028230136, 0.28800628268804923, -1.9936826450829417, -0.5139270445985851, -0.47536263028230136, 0.2879875082989269, -1.9936826450829417, -0.5139270445985851, -0.47536263028230136, 0.2879692712460297, -1.9936826450829417, -0.5139270445985851, -0.47536263028230136, 0.2879515565262248, -1.9936826450829417, -0.5139270445985851, -0.47536263028230136, 0.28793435026569636, -2.8137555816397968, -0.45351174986079656, -0.12570617658792915, 10.0, -2.8137555816397968, -0.45351174986079656, -0.12570617658792915, 10.777914038203788, -2.8137555816397968, -0.45351174986079656, -0.12570617658792915, 2.7648130846619634, -2.8137555816397968, -0.45351174986079656, -0.12570617658792915, 2.895133196720067, -2.8137555816397968, -0.45351174986079656, -0.12570617658792915, 3.2135974024648846, -2.8137555816397968, -0.45351174986079656, -0.12570617658792915, 3.603354559336231, -2.8137555816397968, -0.45351174986079656, -0.12570617658792915, 3.780647913532615, -2.8137555816397968, -0.45351174986079656, -0.12570617658792915, 3.5371020831023863, -2.8137555816397968, -0.45351174986079656, -0.12570617658792915, 2.4306146099212804, -2.8137555816397968, -0.45351174986079656, -0.12570617658792915, 0.7473988109116172, -2.8137555816397968, -0.45351174986079656, -0.12570617658792915, 0.04643819597433321, -2.8137555816397968, -0.45351174986079656, -0.12570617658792915, 0.04112229418050577, -2.8137555816397968, -0.45351174986079656, -0.12570617658792915, 0.13472427750697627, -2.8137555816397968, -0.45351174986079656, -0.12570617658792915, 0.1810375710871279, -2.8137555816397968, -0.45351174986079656, -0.12570617658792915, 0.23793130718485758, -2.8137555816397968, -0.45351174986079656, -0.12570617658792915, 0.21416510242824674, -2.8137555816397968, -0.45351174986079656, -0.12570617658792915, 0.29524276775739094, -2.8137555816397968, -0.45351174986079656, -0.12570617658792915, 0.21054636176978603, -2.8137555816397968, -0.45351174986079656, -0.12570617658792915, 0.1821887101716318, -2.8137555816397968, -0.45351174986079656, -0.12570617658792915, 0.17738996510186553, -2.8137555816397968, -0.45351174986079656, -0.12570617658792915, 0.17228002575261098, -2.8137555816397968, -0.45351174986079656, -0.12570617658792915, 0.16664930137079384, -2.8137555816397968, -0.45351174986079656, -0.12570617658792915, 0.16138417264065952, -2.8137555816397968, -0.45351174986079656, -0.12570617658792915, 0.1568916742015729, -2.8137555816397968, -0.45351174986079656, -0.12570617658792915, 0.1532527243816991, -2.8137555816397968, -0.45351174986079656, -0.12570617658792915, 0.1503981402692834, -2.8137555816397968, -0.45351174986079656, -0.12570617658792915, 0.14820521935255304, -2.8137555816397968, -0.45351174986079656, -0.12570617658792915, 0.14654418595359542, -2.8137555816397968, -0.45351174986079656, -0.12570617658792915, 0.145298039106786, -2.8137555816397968, -0.45351174986079656, -0.12570617658792915, 0.1443690878487173, -2.8137555816397968, -0.45351174986079656, -0.12570617658792915, 0.14367926273860793, -2.8137555816397968, -0.45351174986079656, -0.12570617658792915, 0.14316796140744117, -2.8137555816397968, -0.45351174986079656, -0.12570617658792915, 0.1427889813186684, -2.8137555816397968, -0.45351174986079656, -0.12570617658792915, 0.1425075638050336, -2.8137555816397968, -0.45351174986079656, -0.12570617658792915, 0.14229783693865772, -2.8137555816397968, -0.45351174986079656, -0.12570617658792915, 0.1421406615884669, -2.8137555816397968, -0.45351174986079656, -0.12570617658792915, 0.1420219671995394, -2.8137555816397968, -0.45351174986079656, -0.12570617658792915, 0.14193144437462352, -2.8137555816397968, -0.45351174986079656, -0.12570617658792915, 0.1418615617236501, -2.8137555816397968, -0.45351174986079656, -0.12570617658792915, 0.14180683148433973, -2.8137555816397968, -0.45351174986079656, -0.12570617658792915, 0.14176326271156953, -2.8137555816397968, -0.45351174986079656, -0.12570617658792915, 0.14172795353833892, -2.8137555816397968, -0.45351174986079656, -0.12570617658792915, 0.14169879401324045, -2.8137555816397968, -0.45351174986079656, -0.12570617658792915, 0.14167425318717636, -2.8137555816397968, -0.45351174986079656, -0.12570617658792915, 0.1416532169274491, -2.8137555816397968, -0.45351174986079656, -0.12570617658792915, 0.14163487455623325, -2.8137555816397968, -0.45351174986079656, -0.12570617658792915, 0.14161863491570303, -2.8137555816397968, -0.45351174986079656, -0.12570617658792915, 0.14160406575271137, -2.8137555816397968, -0.45351174986079656, -0.12570617658792915, 0.14159084981458656, -2.8137555816397968, -0.45351174986079656, -0.12570617658792915, 0.14157875310223003, -2.8137555816397968, -0.45351174986079656, -0.12570617658792915, 0.14156760177901404, -2.8137555816397968, -0.45351174986079656, -0.12570617658792915, 0.14155726572821803, -2.8137555816397968, -0.45351174986079656, -0.12570617658792915, 0.14154764639951753, -2.8137555816397968, -0.45351174986079656, -0.12570617658792915, 0.1415386683561162, -2.8137555816397968, -0.45351174986079656, -0.12570617658792915, 0.1415302726129054, -2.8137555816397968, -0.45351174986079656, -0.12570617658792915, 0.1415224125667091, -2.8137555816397968, -0.45351174986079656, -0.12570617658792915, 0.14151505027357486, -2.8137555816397968, -0.45351174986079656, -0.12570617658792915, 0.14150815461424449, -2.8137555816397968, -0.45351174986079656, -0.12570617658792915, 0.1415016991276889, -2.8137555816397968, -0.45351174986079656, -0.12570617658792915, 0.14149566092934168, -2.8137555816397968, -0.45351174986079656, -0.12570617658792915, 0.14149002005674288, -2.8137555816397968, -0.45351174986079656, -0.12570617658792915, 0.1414847583384164, -2.8137555816397968, -0.45351174986079656, -0.12570617658792915, 0.14147985925421422, -2.8137555816397968, -0.45351174986079656, -0.12570617658792915, 0.14147530768678335, -2.8137555816397968, -0.45351174986079656, -0.12570617658792915, 0.14147108938831132, -2.8137555816397968, -0.45351174986079656, -0.12570617658792915, 0.14146719093539478, -2.8137555816397968, -0.45351174986079656, -0.12570617658792915, 0.14146359973103198, -2.8137555816397968, -0.45351174986079656, -0.12570617658792915, 0.14146030355750036, -2.8137555816397968, -0.45351174986079656, -0.12570617658792915, 0.1414572909026189, -2.8137555816397968, -0.45351174986079656, -0.12570617658792915, 0.14145455049309505, -2.8137555816397968, -0.45351174986079656, -0.12570617658792915, 0.14145207174031144, -2.8137555816397968, -0.45351174986079656, -0.12570617658792915, 0.14144984428241048, -2.8137555816397968, -0.45351174986079656, -0.12570617658792915, 0.14144785809469693, -2.8137555816397968, -0.45351174986079656, -0.12570617658792915, 0.14144610370046481, -2.8137555816397968, -0.45351174986079656, -0.12570617658792915, 0.14144457168893287, -2.8137555816397968, -0.45351174986079656, -0.12570617658792915, 0.14144325301514477, -2.8137555816397968, -0.45351174986079656, -0.12570617658792915, 0.14144213907656578, -2.8137555816397968, -0.45351174986079656, -0.12570617658792915, 0.14144122142909232, -2.8137555816397968, -0.45351174986079656, -0.12570617658792915, 0.1414404919065556, -2.8137555816397968, -0.45351174986079656, -0.12570617658792915, 0.14143994274377616, -2.8137555816397968, -0.45351174986079656, -0.12570617658792915, 0.14143956622955878, -2.8137555816397968, -0.45351174986079656, -0.12570617658792915, 0.1414393550869201, -2.8137555816397968, -0.45351174986079656, -0.12570617658792915, 0.14143930206441113, -2.8137555816397968, -0.45351174986079656, -0.12570617658792915, 0.14143940040472236, -2.8137555816397968, -0.45351174986079656, -0.12570617658792915, 0.1414396434235741, -2.8137555816397968, -0.45351174986079656, -0.12570617658792915, 0.14144002463461597, -2.8137555816397968, -0.45351174986079656, -0.12570617658792915, 0.14144053797010525, -2.8137555816397968, -0.45351174986079656, -0.12570617658792915, 0.141441177319671, -2.8137555816397968, -0.45351174986079656, -0.12570617658792915, 0.1414419368314112, -2.8137555816397968, -0.45351174986079656, -0.12570617658792915, 0.14144281099273287, -2.8137555816397968, -0.45351174986079656, -0.12570617658792915, 0.14144379435818863, -2.8137555816397968, -0.45351174986079656, -0.12570617658792915, 0.14144488166967875, -2.8137555816397963, -0.45351174986079656, -0.12570617658792915, 3.6439387812680333, -2.8137555816397963, -0.45351174986079656, -0.12570617658792915, 3.584582906722701, -2.8137555816397963, -0.45351174986079656, -0.12570617658792915, 3.5594686130321422, -2.8137555816397963, -0.45351174986079656, -0.12570617658792915, 3.5454318198428263, -2.8137555816397963, -0.45351174986079656, -0.12570617658792915, 3.490337276219019, -2.8137555816397963, -0.45351174986079656, -0.12570617658792915, 3.2587227913637853, -2.8137555816397963, -0.45351174986079656, -0.12570617658792915, 2.584988254598912, -2.8137555816397963, -0.45351174986079656, -0.12570617658792915, 1.418532634242614, -2.8137555816397963, -0.45351174986079656, -0.12570617658792915, 0.39967949522052015, -2.8137555816397963, -0.45351174986079656, -0.12570617658792915, 0.008561736368493016, -2.851692200128097, -0.45058685542265353, -0.1312654823877351, 0.05479074520025292, -2.851692200128097, -0.45058685542265353, -0.1312654823877351, 0.0848870864876528, -2.851692200128097, -0.45058685542265353, -0.1312654823877351, 0.09988206305929646, -2.851692200128097, -0.45058685542265353, -0.1312654823877351, 0.10962416038392721, -2.851692200128097, -0.45058685542265353, -0.1312654823877351, 0.11652251211319331, -2.851692200128097, -0.45058685542265353, -0.1312654823877351, 0.1214911314012551, -2.851692200128097, -0.45058685542265353, -0.1312654823877351, 0.1252343048718213, -2.851692200128097, -0.45058685542265353, -0.1312654823877351, 0.1280318319473533, -2.851692200128097, -0.45058685542265353, -0.1312654823877351, 0.13000957747184672, -2.851692200128097, -0.45058685542265353, -0.1312654823877351, 0.1314129285271053, -2.851692200128097, -0.45058685542265353, -0.1312654823877351, 0.13241029659677886, -2.851692200128097, -0.45058685542265353, -0.1312654823877351, 0.13311940999211197, -2.851692200128097, -0.45058685542265353, -0.1312654823877351, 0.13362309395222155, -2.851692200128097, -0.45058685542265353, -0.1312654823877351, 0.13397995684357833, -2.851692200128097, -0.45058685542265353, -0.1312654823877351, 0.13423167808653855, -2.851692200128097, -0.45058685542265353, -0.1312654823877351, 0.1344080016478216, -2.851692200128097, -0.45058685542265353, -0.1312654823877351, 0.13453022945160084, -2.851692200128097, -0.45058685542265353, -0.1312654823877351, 0.13461365522589816, -2.851692200128097, -0.45058685542265353, -0.1312654823877351, 0.1346692748141229, -2.851692200128097, -0.45058685542265353, -0.1312654823877351, 0.13470500204625, -2.851692200128097, -0.45058685542265353, -0.1312654823877351, 0.13472654196890074, -2.851692200128097, -0.45058685542265353, -0.1312654823877351, 0.1347380091597086, -2.851692200128097, -0.45058685542265353, -0.1312654823877351, 0.13474236907631754, -2.851692200128097, -0.45058685542265353, -0.1312654823877351, 0.13474176043730468, -2.851692200128097, -0.45058685542265353, -0.1312654823877351, 0.1347377236832538, -2.851692200128097, -0.45058685542265353, -0.1312654823877351, 0.13473136800940463, -2.851692200128097, -0.45058685542265353, -0.1312654823877351, 0.1347234903688739, -2.851692200128097, -0.45058685542265353, -0.1312654823877351, 0.13471466219507394, -2.851692200128097, -0.45058685542265353, -0.1312654823877351, 0.13470529192829725, -2.851692200128097, -0.45058685542265353, -0.1312654823877351, 0.13469567006587352, -2.851692200128097, -0.45058685542265353, -0.1312654823877351, 0.13468600205770556, -2.851692200128097, -0.45058685542265353, -0.1312654823877351, 0.13467643193644585, -2.851692200128097, -0.45058685542265353, -0.1312654823877351, 0.13466705912888785, -2.851692200128097, -0.45058685542265353, -0.1312654823877351, 0.1346579513789601, -2.851692200128097, -0.45058685542265353, -0.1312654823877351, 0.13464915325741353, -2.851692200128097, -0.45058685542265353, -0.1312654823877351, 0.13464069285211405, -2.851692200128097, -0.45058685542265353, -0.1312654823877351, 0.1346325864225153, -2.851692200128097, -0.45058685542265353, -0.1312654823877351, 0.13462484179362175, -2.851692200128097, -0.45058685542265353, -0.1312654823877351, 0.13461746080982964, -2.851692200128097, -0.45058685542265353, -0.1312654823877351, 0.1346104410829146, -2.851692200128097, -0.45058685542265353, -0.1312654823877351, 0.1346037774068721, -2.851692200128097, -0.45058685542265353, -0.1312654823877351, 0.1345974624369724, -2.851692200128097, -0.45058685542265353, -0.1312654823877351, 0.13459148745954574, -2.851692200128097, -0.45058685542265353, -0.1312654823877351, 0.13458584308879723, -2.851692200128097, -0.45058685542265353, -0.1312654823877351, 0.13458051928805453, -2.851692200128097, -0.45058685542265353, -0.1312654823877351, 0.13457550572758076, -2.851692200128097, -0.45058685542265353, -0.1312654823877351, 0.1345707921555841, -2.851692200128097, -0.45058685542265353, -0.1312654823877351, 0.1345663681286366, -2.851692200128097, -0.45058685542265353, -0.1312654823877351, 0.13456222336328658, -2.851692200128097, -0.45058685542265353, -0.1312654823877351, 0.1345583478691786, -2.851692200128097, -0.45058685542265353, -0.1312654823877351, 0.13455473176129581, -2.851692200128097, -0.45058685542265353, -0.1312654823877351, 0.1345513653939292, -2.851692200128097, -0.45058685542265353, -0.1312654823877351, 0.13454823948892972, -2.851692200128097, -0.45058685542265353, -0.1312654823877351, 0.1345453448602141, -2.851692200128097, -0.45058685542265353, -0.1312654823877351, 0.13454267274458545, -2.851692200128097, -0.45058685542265353, -0.1312654823877351, 0.13454021446496284, -2.851692200128097, -0.45058685542265353, -0.1312654823877351, 0.13453796182799113, -2.851692200128097, -0.45058685542265353, -0.1312654823877351, 0.13453590677349112, -2.851692200128097, -0.45058685542265353, -0.1312654823877351, 0.13453404147949288, -2.851692200128097, -0.45058685542265353, -0.1312654823877351, 0.1345323585469184, -2.851692200128097, -0.45058685542265353, -0.1312654823877351, 0.1345308506129887, -2.851692200128097, -0.45058685542265353, -0.1312654823877351, 0.13452951060177817, -2.851692200128097, -0.45058685542265353, -0.1312654823877351, 0.13452833178927204, -2.851692200128097, -0.45058685542265353, -0.1312654823877351, 0.13452730757529044, -2.851692200128097, -0.45058685542265353, -0.1312654823877351, 0.13452643158126484, -2.851692200128097, -0.45058685542265353, -0.1312654823877351, 0.13452569775227585, -2.851692200128097, -0.45058685542265353, -0.1312654823877351, 0.13452510007363572, -2.851692200128097, -0.45058685542265353, -0.1312654823877351, 0.1345246328820088, -2.851692200128097, -0.45058685542265353, -0.1312654823877351, 0.13452429053086906, -2.851692200128097, -0.45058685542265353, -0.1312654823877351, 0.13452406777342266, -2.851692200128097, -0.45058685542265353, -0.1312654823877351, 0.13452395941878453, -2.851692200128097, -0.45058685542265353, -0.1312654823877351, 0.13452396043303075, -2.851692200128097, -0.45058685542265353, -0.1312654823877351, 0.13452406611979806, -2.851692200128097, -0.45058685542265353, -0.1312654823877351, 0.1345242717429652, -2.851692200128097, -0.45058685542265353, -0.1312654823877351, 0.13452457277236432, -2.851692200128097, -0.45058685542265353, -0.1312654823877351, 0.13452496494938496, -2.851692200128097, -0.45058685542265353, -0.1312654823877351, 0.1345254440649601, -2.851692200128097, -0.45058685542265353, -0.1312654823877351, 0.13452600605696094, -2.851692200128096, -0.4505868554226534, -0.13126548238773508, 3.3110670136409146, -2.851692200128096, -0.4505868554226534, -0.13126548238773508, 3.4818919011803007, -2.851692200128096, -0.4505868554226534, -0.13126548238773508, 3.5232561905347293, -2.851692200128096, -0.4505868554226534, -0.13126548238773508, 3.3996659388942883, -2.851692200128096, -0.4505868554226534, -0.13126548238773508, 2.911399453607051, -2.851692200128096, -0.4505868554226534, -0.13126548238773508, 1.8416125077739762, -2.851692200128096, -0.4505868554226534, -0.13126548238773508, 0.6672656048681251, -2.851692200128096, -0.4505868554226534, -0.13126548238773508, 0.09196870031221475, -2.8602089631781715, -0.45266969383578254, -0.12872977938000582, 0.01266652033218778, -2.8602089631781715, -0.45266969383578254, -0.12872977938000582, 0.05418916079544193, -2.8602089631781715, -0.45266969383578254, -0.12872977938000582, 0.08831630815647727, -2.8602089631781715, -0.45266969383578254, -0.12872977938000582, 0.11101926131070497, -2.8602089631781715, -0.45266969383578254, -0.12872977938000582, 0.1254951264292443, -2.8602089631781715, -0.45266969383578254, -0.12872977938000582, 0.13453247898842619, -2.8602089631781715, -0.45266969383578254, -0.12872977938000582, 0.1403083636797632, -2.8602089631781715, -0.45266969383578254, -0.12872977938000582, 0.1439065543357493, -2.8602089631781715, -0.45266969383578254, -0.12872977938000582, 0.1459907129393535, -2.8602089631781715, -0.45266969383578254, -0.12872977938000582, 0.14718255786683968, -2.8602089631781715, -0.45266969383578254, -0.12872977938000582, 0.14784683476862004, -2.8602089631781715, -0.45266969383578254, -0.12872977938000582, 0.1481975685455895, -2.8602089631781715, -0.45266969383578254, -0.12872977938000582, 0.14836067387703336, -2.8602089631781715, -0.45266969383578254, -0.12872977938000582, 0.1484107836207019, -2.8602089631781715, -0.45266969383578254, -0.12872977938000582, 0.14839253520096404, -2.8602089631781715, -0.45266969383578254, -0.12872977938000582, 0.14833291379087002, -2.8602089631781715, -0.45266969383578254, -0.12872977938000582, 0.14824843879963817, -2.8602089631781715, -0.45266969383578254, -0.12872977938000582, 0.1481493684694694, -2.8602089631781715, -0.45266969383578254, -0.12872977938000582, 0.1480421580837586, -2.8602089631781715, -0.45266969383578254, -0.12872977938000582, 0.14793091844598666, -2.8602089631781715, -0.45266969383578254, -0.12872977938000582, 0.1478182977310636, -2.8602089631781715, -0.45266969383578254, -0.12872977938000582, 0.14770601339632436, -2.8602089631781715, -0.45266969383578254, -0.12872977938000582, 0.14759518260035004, -2.8602089631781715, -0.45266969383578254, -0.12872977938000582, 0.14748652836917414, -2.8602089631781715, -0.45266969383578254, -0.12872977938000582, 0.14738051129117088, -2.8602089631781715, -0.45266969383578254, -0.12872977938000582, 0.14727741563506133, -2.8602089631781715, -0.45266969383578254, -0.12872977938000582, 0.14717740559524337, -2.8602089631781715, -0.45266969383578254, -0.12872977938000582, 0.1470805627295826, -2.8602089631781715, -0.45266969383578254, -0.12872977938000582, 0.14698691237639036, -2.8602089631781715, -0.45266969383578254, -0.12872977938000582, 0.14689644067851118, -2.8602089631781715, -0.45266969383578254, -0.12872977938000582, 0.14680910752231172, -2.8602089631781715, -0.45266969383578254, -0.12872977938000582, 0.14672485467381646, -2.8602089631781715, -0.45266969383578254, -0.12872977938000582, 0.14664361190625558, -2.8602089631781715, -0.45266969383578254, -0.12872977938000582, 0.14656530140772042, -2.8602089631781715, -0.45266969383578254, -0.12872977938000582, 0.1464898407703381, -2.8602089631781715, -0.45266969383578254, -0.12872977938000582, 0.14641714514660104, -2.8602089631781715, -0.45266969383578254, -0.12872977938000582, 0.14634712877471276, -2.8602089631781715, -0.45266969383578254, -0.12872977938000582, 0.14627970605251356, -2.8602089631781715, -0.45266969383578254, -0.12872977938000582, 0.14621479228740722, -2.8602089631781715, -0.45266969383578254, -0.12872977938000582, 0.14615230421316477, -2.8602089631781715, -0.45266969383578254, -0.12872977938000582, 0.14609216033925318, -2.8602089631781715, -0.45266969383578254, -0.12872977938000582, 0.14603428117922895, -2.8602089631781715, -0.45266969383578254, -0.12872977938000582, 0.1459785894234583, -2.8602089631781715, -0.45266969383578254, -0.12872977938000582, 0.1459250098261123, -2.8602089631781715, -0.45266969383578254, -0.12872977938000582, 0.14587346975331683, -2.8602089631781715, -0.45266969383578254, -0.12872977938000582, 0.14582389843673724, -2.8602089631781715, -0.45266969383578254, -0.12872977938000582, 0.1457762276664881, -2.8602089631781715, -0.45266969383578254, -0.12872977938000582, 0.1457303910985434, -2.8602089631781715, -0.45266969383578254, -0.12872977938000582, 0.14568632492039932, -2.8602089631781715, -0.45266969383578254, -0.12872977938000582, 0.14564396732932644, -2.8602089631781715, -0.45266969383578254, -0.12872977938000582, 0.14560325837054583, -2.8602089631781715, -0.45266969383578254, -0.12872977938000582, 0.14556414050355007, -2.8602089631781715, -0.45266969383578254, -0.12872977938000582, 0.14552655760423472, -2.8602089631781715, -0.45266969383578254, -0.12872977938000582, 0.14549045579355213, -2.8602089631781715, -0.45266969383578254, -0.12872977938000582, 0.14545578309628088, -2.8602089631781715, -0.45266969383578254, -0.12872977938000582, 0.145422488986757, -2.8602089631781715, -0.45266969383578254, -0.12872977938000582, 0.14539052471823763, -2.8602089631781715, -0.45266969383578254, -0.12872977938000582, 0.14535984334993104, -2.8602089631781715, -0.45266969383578254, -0.12872977938000582, 0.1453303995585056, -2.8602089631781715, -0.45266969383578254, -0.12872977938000582, 0.14530214931547042, -2.8602089631781715, -0.45266969383578254, -0.12872977938000582, 0.14527505033898946, -2.8602089631781715, -0.45266969383578254, -0.12872977938000582, 0.14524906150115086, -2.8602089631781715, -0.45266969383578254, -0.12872977938000582, 0.14522414331668118, -2.8602089631781715, -0.45266969383578254, -0.12872977938000582, 0.1452002577015718, -2.8602089631781715, -0.45266969383578254, -0.12872977938000582, 0.14517736758442704, -2.8602089631781715, -0.45266969383578254, -0.12872977938000582, 0.14515543741138243, -2.8602089631781715, -0.45266969383578254, -0.12872977938000582, 0.14513443255731595, -2.8602089631781715, -0.45266969383578254, -0.12872977938000582, 0.1451143198408755, -2.8602089631781715, -0.45266969383578254, -0.12872977938000582, 0.14509506725577173, -2.8602089631781715, -0.45266969383578254, -0.12872977938000582, 0.14507664361706982, -2.8602089631781715, -0.45266969383578254, -0.12872977938000582, 0.14505901886944628, -2.8602089631781715, -0.45266969383578254, -0.12872977938000582, 0.145042164098628, -2.8602089631781715, -0.45266969383578254, -0.12872977938000582, 0.1450260515427865, -2.8602089631781715, -0.45266969383578254, -0.12872977938000582, 0.1450106538233811, -2.8602089631781715, -0.45266969383578254, -0.12872977938000582, 0.14499594505387636, -2.8602089631781715, -0.45266969383578254, -0.12872977938000582, 0.14498189998562452, -2.8602089631781715, -0.45266969383578254, -0.12872977938000582, 0.1449684942026108, -2.8602089631781715, -0.45266969383578254, -0.12872977938000582, 0.1449557043723146, -2.8602089631781715, -0.45266969383578254, -0.12872977938000582, 0.14494350765735572, -2.860208963178171, -0.4526696938357826, -0.1287297793800058, 6.687105323198002, -2.860208963178171, -0.4526696938357826, -0.1287297793800058, 0.4282090085191694, -2.860208963178171, -0.4526696938357826, -0.1287297793800058, 1.3637227291784566, -2.860208963178171, -0.4526696938357826, -0.1287297793800058, 2.0552835828426943, -2.860208963178171, -0.4526696938357826, -0.1287297793800058, 3.459666907544767, -2.860208963178171, -0.4526696938357826, -0.1287297793800058, 5.668894260230792, -2.714441474872542, -0.6712575149576079, -0.5225682543291699, 58.72370658183282, -2.714441474872542, -0.6712575149576079, -0.5225682543291699, 1.8652021565307435, -2.714441474872542, -0.6712575149576079, -0.5225682543291699, 1.4313588293099584, -2.714441474872542, -0.6712575149576079, -0.5225682543291699, 0.6654725463364416, -2.714441474872542, -0.6712575149576079, -0.5225682543291699, 0.5525943938764011, -2.726767559381041, -0.5804894531303557, -0.3866909265176857, 0.29192963810084355, -2.726767559381041, -0.5804894531303557, -0.3866909265176857, 0.4944152354162327, -2.726767559381041, -0.5804894531303557, -0.3866909265176857, 0.37071536671346533, -2.726767559381041, -0.5804894531303557, -0.3866909265176857, 0.27039736728956554, -2.726767559381041, -0.5804894531303557, -0.3866909265176857, 0.2215085241700813, -2.726767559381041, -0.5804894531303557, -0.3866909265176857, 0.20024537000017872, -2.726767559381041, -0.5804894531303557, -0.3866909265176857, 0.19247155961581838, -2.726767559381041, -0.5804894531303557, -0.3866909265176857, 0.1910911889686514, -2.726767559381041, -0.5804894531303557, -0.3866909265176857, 0.1925353983370773, -2.726767559381041, -0.5804894531303557, -0.3866909265176857, 0.19500881216100077, -2.726767559381041, -0.5804894531303557, -0.3866909265176857, 0.1976347942782699, -2.726767559381041, -0.5804894531303557, -0.3866909265176857, 0.2000218137186816, -2.726767559381041, -0.5804894531303557, -0.3866909265176857, 0.20202898085429907, -2.726767559381041, -0.5804894531303557, -0.3866909265176857, 0.20363924297290648, -2.726767559381041, -0.5804894531303557, -0.3866909265176857, 0.20489080909996363, -2.726767559381041, -0.5804894531303557, -0.3866909265176857, 0.20584137022686946, -2.726767559381041, -0.5804894531303557, -0.3866909265176857, 0.20655037285475883, -2.726767559381041, -0.5804894531303557, -0.3866909265176857, 0.20707115294332973, -2.726767559381041, -0.5804894531303557, -0.3866909265176857, 0.20744831714402778, -2.726767559381041, -0.5804894531303557, -0.3866909265176857, 0.2077176041651055, -2.726767559381041, -0.5804894531303557, -0.3866909265176857, 0.20790681374545592, -2.726767559381041, -0.5804894531303557, -0.3866909265176857, 0.20803716307611578, -2.726767559381041, -0.5804894531303557, -0.3866909265176857, 0.2081245968639325, -2.726767559381041, -0.5804894531303557, -0.3866909265176857, 0.20818097385200673, -2.726767559381041, -0.5804894531303557, -0.3866909265176857, 0.20821503908202682, -2.726767559381041, -0.5804894531303557, -0.3866909265176857, 0.20823319469492713, -2.726767559381041, -0.5804894531303557, -0.3866909265176857, 0.20824010203425256, -2.726767559381041, -0.5804894531303557, -0.3866909265176857, 0.20823914093468587, -2.726767559381041, -0.5804894531303557, -0.3866909265176857, 0.20823275052252332, -2.726767559381041, -0.5804894531303557, -0.3866909265176857, 0.2082226843533504, -2.726767559381041, -0.5804894531303557, -0.3866909265176857, 0.20821019803254234, -2.726767559381041, -0.5804894531303557, -0.3866909265176857, 0.20819618664578238, -2.726767559381041, -0.5804894531303557, -0.3866909265176857, 0.20818128496242236, -2.726767559381041, -0.5804894531303557, -0.3866909265176857, 0.20816594006379305, -2.726767559381041, -0.5804894531303557, -0.3866909265176857, 0.20815046515563976, -2.726767559381041, -0.5804894531303557, -0.3866909265176857, 0.2081350748642366, -2.726767559381041, -0.5804894531303557, -0.3866909265176857, 0.2081199165200456, -2.726767559381041, -0.5804894531303557, -0.3866909265176857, 0.2081050872177715, -2.726767559381041, -0.5804894531303557, -0.3866909265176857, 0.2080906487943508, -2.726767559381041, -0.5804894531303557, -0.3866909265176857, 0.20807663918101268, -2.726767559381041, -0.5804894531303557, -0.3866909265176857, 0.2080630775834733, -2.726767559381041, -0.5804894531303557, -0.3866909265176857, 0.20804997121250166, -2.726767559381041, -0.5804894531303557, -0.3866909265176857, 0.20803731948216003, -2.726767559381041, -0.5804894531303557, -0.3866909265176857, 0.20802511543642704, -2.726767559381041, -0.5804894531303557, -0.3866909265176857, 0.2080133482746722, -2.726767559381041, -0.5804894531303557, -0.3866909265176857, 0.20800200535054442, -2.726767559381041, -0.5804894531303557, -0.3866909265176857, 0.2079910715404023, -2.726767559381041, -0.5804894531303557, -0.3866909265176857, 0.20798053176533773, -2.726767559381041, -0.5804894531303557, -0.3866909265176857, 0.20797036957002407, -2.726767559381041, -0.5804894531303557, -0.3866909265176857, 0.20796056971499793, -2.726767559381041, -0.5804894531303557, -0.3866909265176857, 0.20795111643406122, -2.726767559381041, -0.5804894531303557, -0.3866909265176857, 0.2079419942154402, -2.726767559381041, -0.5804894531303557, -0.3866909265176857, 0.20793318897531926, -2.726767559381041, -0.5804894531303557, -0.3866909265176857, 0.20792468595851876, -2.726767559381041, -0.5804894531303557, -0.3866909265176857, 0.20791647123104748, -2.726767559381041, -0.5804894531303557, -0.3866909265176857, 0.20790853211184007, -2.726767559381041, -0.5804894531303557, -0.3866909265176857, 0.20790085590073323, -2.726767559381041, -0.5804894531303557, -0.3866909265176857, 0.20789343047722228, -2.726767559381041, -0.5804894531303557, -0.3866909265176857, 0.2078862448991615, -2.726767559381041, -0.5804894531303557, -0.3866909265176857, 0.20787928781115228, -2.726767559381041, -0.5804894531303557, -0.3866909265176857, 0.20787254922843842, -2.726767559381041, -0.5804894531303557, -0.3866909265176857, 0.207866018653272, -2.726767559381041, -0.5804894531303557, -0.3866909265176857, 0.20785968713464562, -2.726767559381041, -0.5804894531303557, -0.3866909265176857, 0.20785354608733048, -2.726767559381041, -0.5804894531303557, -0.3866909265176857, 0.20784758636505107, -2.726767559381041, -0.5804894531303557, -0.3866909265176857, 0.2078418001257343, -2.726767559381041, -0.5804894531303557, -0.3866909265176857, 0.2078361796681491, -2.726767559381041, -0.5804894531303557, -0.3866909265176857, 0.20783071766446592, -2.726767559381041, -0.5804894531303557, -0.3866909265176857, 0.20782540713844108, -2.726767559381041, -0.5804894531303557, -0.3866909265176857, 0.20782024145180794, -2.726767559381041, -0.5804894531303557, -0.3866909265176857, 0.2078152142833696, -2.726767559381041, -0.5804894531303557, -0.3866909265176857, 0.207810319618834, -2.726767559381041, -0.5804894531303557, -0.3866909265176857, 0.20780555172727916, -2.726767559381041, -0.5804894531303557, -0.3866909265176857, 0.20780090515363422, -2.726767559381041, -0.5804894531303557, -0.3866909265176857, 0.20779637470164783, -2.341494437814543, -0.5288839993589153, -0.3419824445196921, 3.0063331874551813, -2.341494437814543, -0.5288839993589153, -0.3419824445196921, 2.8246387930597434, -2.341494437814543, -0.5288839993589153, -0.3419824445196921, 2.7799066325779456, -2.341494437814543, -0.5288839993589153, -0.3419824445196921, 2.913025073274469, -2.341494437814543, -0.5288839993589153, -0.3419824445196921, 3.241427136174803, -2.341494437814543, -0.5288839993589153, -0.3419824445196921, 3.4197518045812894, -2.341494437814543, -0.5288839993589153, -0.3419824445196921, 2.646029345268527, -2.341494437814543, -0.5288839993589153, -0.3419824445196921, 0.800164297907929, -2.392238032390833, -0.5415350680151936, -0.3411302892622068, 0.0920096023033895, -2.392238032390833, -0.5415350680151936, -0.3411302892622068, 0.3868738180558738, -2.392238032390833, -0.5415350680151936, -0.3411302892622068, 0.5104486086740327, -2.392238032390833, -0.5415350680151936, -0.3411302892622068, 0.5611371410020349, -2.392238032390833, -0.5415350680151936, -0.3411302892622068, 0.5394404664743142, -2.392238032390833, -0.5415350680151936, -0.3411302892622068, 0.6688901933392756, -2.392238032390833, -0.5415350680151936, -0.3411302892622068, 0.3038732829469163, -2.392238032390833, -0.5415350680151936, -0.3411302892622068, 0.5459211019391645, -2.392238032390833, -0.5415350680151936, -0.3411302892622068, 0.393152786211687, -2.392238032390833, -0.5415350680151936, -0.3411302892622068, 0.36273430888759606, -2.392238032390833, -0.5415350680151936, -0.3411302892622068, 0.3289300048184096, -2.392238032390833, -0.5415350680151936, -0.3411302892622068, 0.30109019544413607, -2.392238032390833, -0.5415350680151936, -0.3411302892622068, 0.27918955310342314, -2.392238032390833, -0.5415350680151936, -0.3411302892622068, 0.26230290403491857, -2.392238032390833, -0.5415350680151936, -0.3411302892622068, 0.24945421241603905, -2.392238032390833, -0.5415350680151936, -0.3411302892622068, 0.23977153140294688, -2.392238032390833, -0.5415350680151936, -0.3411302892622068, 0.2325273227280161, -2.392238032390833, -0.5415350680151936, -0.3411302892622068, 0.22713783160613304, -2.392238032390833, -0.5415350680151936, -0.3411302892622068, 0.22314619114755263, -2.392238032390833, -0.5415350680151936, -0.3411302892622068, 0.22020087971550395, -2.392238032390833, -0.5415350680151936, -0.3411302892622068, 0.2180344666689102, -2.392238032390833, -0.5415350680151936, -0.3411302892622068, 0.21644551871905668, -2.392238032390833, -0.5415350680151936, -0.3411302892622068, 0.21528317371302724, -2.392238032390833, -0.5415350680151936, -0.3411302892622068, 0.21443503357183039, -2.392238032390833, -0.5415350680151936, -0.3411302892622068, 0.21381780129052613, -2.392238032390833, -0.5415350680151936, -0.3411302892622068, 0.21336989076704652, -2.392238032390833, -0.5415350680151936, -0.3411302892622068, 0.21304594171830585, -2.392238032390833, -0.5415350680151936, -0.3411302892622068, 0.21281260015754463, -2.392238032390833, -0.5415350680151936, -0.3411302892622068, 0.21264538711706918, -2.392238032390833, -0.5415350680151936, -0.3411302892622068, 0.21252637424892296, -2.392238032390833, -0.5415350680151936, -0.3411302892622068, 0.21244245489180127, -2.392238032390833, -0.5415350680151936, -0.3411302892622068, 0.21238404940146724, -2.392238032390833, -0.5415350680151936, -0.3411302892622068, 0.21234416230920086, -2.392238032390833, -0.5415350680151936, -0.3411302892622068, 0.21231769413582163, -2.392238032390833, -0.5415350680151936, -0.3411302892622068, 0.2123009304913362, -2.392238032390833, -0.5415350680151936, -0.3411302892622068, 0.21229116421363117, -2.392238032390833, -0.5415350680151936, -0.3411302892622068, 0.21228642577613083, -2.392238032390833, -0.5415350680151936, -0.3411302892622068, 0.2122852828090437, -2.392238032390833, -0.5415350680151936, -0.3411302892622068, 0.2122866943760746, -2.392238032390833, -0.5415350680151936, -0.3411302892622068, 0.2122899044866477, -2.392238032390833, -0.5415350680151936, -0.3411302892622068, 0.21229436577777241, -2.392238032390833, -0.5415350680151936, -0.3411302892622068, 0.2122996798773738, -2.392238032390833, -0.5415350680151936, -0.3411302892622068, 0.21230556054472985, -2.392238032390833, -0.5415350680151936, -0.3411302892622068, 0.2123118005081486, -2.392238032390833, -0.5415350680151936, -0.3411302892622068, 0.21231825071945418, -2.392238032390833, -0.5415350680151936, -0.3411302892622068, 0.21232480510701857, -2.392238032390833, -0.5415350680151936, -0.3411302892622068, 0.2123313872812278, -2.392238032390833, -0.5415350680151936, -0.3411302892622068, 0.21233794409296092, -2.392238032390833, -0.5415350680151936, -0.3411302892622068, 0.21234443748866705, -2.392238032390833, -0.5415350680151936, -0.3411302892622068, 0.21235084242276323, -2.392238032390833, -0.5415350680151936, -0.3411302892622068, 0.21235714154072058, -2.392238032390833, -0.5415350680151936, -0.3411302892622068, 0.212363323485951, -2.392238032390833, -0.5415350680151936, -0.3411302892622068, 0.212369382302398, -2.392238032390833, -0.5415350680151936, -0.3411302892622068, 0.21237531393012798, -2.392238032390833, -0.5415350680151936, -0.3411302892622068, 0.2123811168182393, -2.392238032390833, -0.5415350680151936, -0.3411302892622068, 0.2123867917121098, -2.392238032390833, -0.5415350680151936, -0.3411302892622068, 0.212392339834686, -2.392238032390833, -0.5415350680151936, -0.3411302892622068, 0.21239776317453635, -2.392238032390833, -0.5415350680151936, -0.3411302892622068, 0.21240306488893057, -2.392238032390833, -0.5415350680151936, -0.3411302892622068, 0.21240824745258058, -2.392238032390833, -0.5415350680151936, -0.3411302892622068, 0.21241331444456682, -2.392238032390833, -0.5415350680151936, -0.3411302892622068, 0.212418268472881, -2.392238032390833, -0.5415350680151936, -0.3411302892622068, 0.2124231134632188, -2.392238032390833, -0.5415350680151936, -0.3411302892622068, 0.21242785256267008, -2.392238032390833, -0.5415350680151936, -0.3411302892622068, 0.21243248875726925, -2.392238032390833, -0.5415350680151936, -0.3411302892622068, 0.21243702598396963, -2.392238032390833, -0.5415350680151936, -0.3411302892622068, 0.21244146684849582, -2.392238032390833, -0.5415350680151936, -0.3411302892622068, 0.21244581414296332, -2.392238032390833, -0.5415350680151936, -0.3411302892622068, 0.21245007128356194, -2.392238032390833, -0.5415350680151936, -0.3411302892622068, 0.21245424096975066, -2.392238032390833, -0.5415350680151936, -0.3411302892622068, 0.21245832581353408, -2.392238032390833, -0.5415350680151936, -0.3411302892622068, 0.2124623289997772, -2.392238032390833, -0.5415350680151936, -0.3411302892622068, 0.21246625260684676, -2.392238032390833, -0.5415350680151936, -0.3411302892622068, 0.21247009953651236, -2.392238032390833, -0.5415350680151936, -0.3411302892622068, 0.21247387151974087, -2.392238032390833, -0.5415350680151936, -0.3411302892622068, 0.21247757148878402, -2.392238032390833, -0.5415350680151936, -0.3411302892622068, 0.21248120152018643, -2.392238032390833, -0.5415350680151936, -0.3411302892622068, 0.21248476348784798, -2.392238032390833, -0.5415350680151936, -0.3411302892622068, 0.21248826020779518, -2.392238032390833, -0.5415350680151936, -0.3411302892622068, 0.21249169316152972, -2.392238032390833, -0.5415350680151936, -0.3411302892622068, 0.21249506403335816, -2.392238032390833, -0.5415350680151936, -0.3411302892622068, 0.2124983751562705, -2.3922380323908334, -0.5415350680151936, -0.34113028926220684, 3.7410461064060603, -2.3922380323908334, -0.5415350680151936, -0.34113028926220684, 3.8520412663168635, -2.3922380323908334, -0.5415350680151936, -0.34113028926220684, 3.5901608889855656, -2.3922380323908334, -0.5415350680151936, -0.34113028926220684, 3.4490165595633684, -2.3922380323908334, -0.5415350680151936, -0.34113028926220684, 3.4220269527790936, -2.3922380323908334, -0.5415350680151936, -0.34113028926220684, 3.4338562455453188, -2.3922380323908334, -0.5415350680151936, -0.34113028926220684, 3.4127844692227303, -2.3922380323908334, -0.5415350680151936, -0.34113028926220684, 3.201067113729943, -2.3922380323908334, -0.5415350680151936, -0.34113028926220684, 2.4915917907365452, -2.3922380323908334, -0.5415350680151936, -0.34113028926220684, 1.2610990763047207, -2.3922380323908334, -0.5415350680151936, -0.34113028926220684, 0.31282001936267745, -2.3922380323908334, -0.5415350680151936, -0.34113028926220684, 0.01352694261087726, -2.3922380323908334, -0.5415350680151936, -0.34113028926220684, 0.0163333656853143, -2.3922380323908334, -0.5415350680151936, -0.34113028926220684, 0.08193466489568853, -2.3922380323908334, -0.5415350680151936, -0.34113028926220684, 0.13999051813927713, -2.3922380323908334, -0.5415350680151936, -0.34113028926220684, 0.17931051747006108, -2.3922380323908334, -0.5415350680151936, -0.34113028926220684, 0.20297558808074928, -2.3922380323908334, -0.5415350680151936, -0.34113028926220684, 0.21593622059287196, -2.3922380323908334, -0.5415350680151936, -0.34113028926220684, 0.2223618623787858, -2.3922380323908334, -0.5415350680151936, -0.34113028926220684, 0.22465069117898204, -2.3922380323908334, -0.5415350680151936, -0.34113028926220684, 0.2245406176766308, -2.3922380323908334, -0.5415350680151936, -0.34113028926220684, 0.2233353934728752, -2.3922380323908334, -0.5415350680151936, -0.34113028926220684, 0.2217493046819085, -2.3922380323908334, -0.5415350680151936, -0.34113028926220684, 0.22014883727190676, -2.3922380323908334, -0.5415350680151936, -0.34113028926220684, 0.2187029994521667, -2.3922380323908334, -0.5415350680151936, -0.34113028926220684, 0.217473284246444, -2.3922380323908334, -0.5415350680151936, -0.34113028926220684, 0.21646591963330414, -2.3922380323908334, -0.5415350680151936, -0.34113028926220684, 0.21566134364907005, -2.3922380323908334, -0.5415350680151936, -0.34113028926220684, 0.2150302084732769, -2.3922380323908334, -0.5415350680151936, -0.34113028926220684, 0.2145416956298281, -2.3922380323908334, -0.5415350680151936, -0.34113028926220684, 0.2141674124891951, -2.3922380323908334, -0.5415350680151936, -0.34113028926220684, 0.21388290633117582, -2.3922380323908334, -0.5415350680151936, -0.34113028926220684, 0.21366801755600492, -2.3922380323908334, -0.5415350680151936, -0.34113028926220684, 0.21350654242727696, -2.3922380323908334, -0.5415350680151936, -0.34113028926220684, 0.213385721187432, -2.3922380323908334, -0.5415350680151936, -0.34113028926220684, 0.21329563488227107, -2.3922380323908334, -0.5415350680151936, -0.34113028926220684, 0.21322893055463196, -2.3922380323908334, -0.5415350680151936, -0.34113028926220684, 0.21317917317339238, -2.3922380323908334, -0.5415350680151936, -0.34113028926220684, 0.21314252651486473, -2.3922380323908334, -0.5415350680151936, -0.34113028926220684, 0.2131155029205743, -2.3922380323908334, -0.5415350680151936, -0.34113028926220684, 0.21309554179708576, -2.3922380323908334, -0.5415350680151936, -0.34113028926220684, 0.213081120107992, -2.3922380323908334, -0.5415350680151936, -0.34113028926220684, 0.21307049065598405, -2.3922380323908334, -0.5415350680151936, -0.34113028926220684, 0.2130627811134056, -2.3922380323908334, -0.5415350680151936, -0.34113028926220684, 0.21305721948988965, -2.3922380323908334, -0.5415350680151936, -0.34113028926220684, 0.21305323988515984, -2.3922380323908334, -0.5415350680151936, -0.34113028926220684, 0.21305051628953672, -2.3922380323908334, -0.5415350680151936, -0.34113028926220684, 0.2130484375254908, -2.3922380323908334, -0.5415350680151936, -0.34113028926220684, 0.21304712997034359, -2.3922380323908334, -0.5415350680151936, -0.34113028926220684, 0.21304626310477592, -2.3922380323908334, -0.5415350680151936, -0.34113028926220684, 0.21304563875223673, -2.3922380323908334, -0.5415350680151936, -0.34113028926220684, 0.21304547810572963, -2.3922380323908334, -0.5415350680151936, -0.34113028926220684, 0.2130453637261754, -2.3922380323908334, -0.5415350680151936, -0.34113028926220684, 0.2130453927743486, -2.3922380323908334, -0.5415350680151936, -0.34113028926220684, 0.2130455174319609, -2.3922380323908334, -0.5415350680151936, -0.34113028926220684, 0.2130457087649832, -2.3922380323908334, -0.5415350680151936, -0.34113028926220684, 0.21304603740602085, -2.3922380323908334, -0.5415350680151936, -0.34113028926220684, 0.21304618818734133, -2.3922380323908334, -0.5415350680151936, -0.34113028926220684, 0.21304650159157712, -2.3922380323908334, -0.5415350680151936, -0.34113028926220684, 0.21304680804826534, -2.3922380323908334, -0.5415350680151936, -0.34113028926220684, 0.21304702769396336, -2.3922380323908334, -0.5415350680151936, -0.34113028926220684, 0.2130474679176177, -2.3922380323908334, -0.5415350680151936, -0.34113028926220684, 0.21304777612180215, -2.3922380323908334, -0.5415350680151936, -0.34113028926220684, 0.21304809634398986, -2.3922380323908334, -0.5415350680151936, -0.34113028926220684, 0.2130484154907476, -2.3922380323908334, -0.5415350680151936, -0.34113028926220684, 0.2130487302151327, -2.3922380323908334, -0.5415350680151936, -0.34113028926220684, 0.2130491299677557, -2.3922380323908334, -0.5415350680151936, -0.34113028926220684, 0.21304931353659382, -2.3922380323908334, -0.5415350680151936, -0.34113028926220684, 0.21304963153750558, -2.3922380323908334, -0.5415350680151936, -0.34113028926220684, 0.21304992195080788, -2.3922380323908334, -0.5415350680151936, -0.34113028926220684, 0.2130501104817223, -2.3922380323908334, -0.5415350680151936, -0.34113028926220684, 0.21305050861151972, -2.3922380323908334, -0.5415350680151936, -0.34113028926220684, 0.2130507667683613, -2.3922380323908334, -0.5415350680151936, -0.34113028926220684, 0.2130510312342185, -2.3922380323908334, -0.5415350680151936, -0.34113028926220684, 0.21305129056814226, -2.3922380323908334, -0.5415350680151936, -0.34113028926220684, 0.21305154265332693, -2.3922380323908334, -0.5415350680151936, -0.34113028926220684, 0.21305187786222848, -2.3922380323908334, -0.5415350680151936, -0.34113028926220684, 0.21305199564214408, -2.3922380323908334, -0.5415350680151936, -0.34113028926220684, 0.21305224715357116, -2.3922380323908334, -0.5415350680151936, -0.34113028926220684, 0.2130524707359161, -2.3922380323908334, -0.5415350680151936, -0.34113028926220684, 0.21305259238536323, -2.3922380323908334, -0.5415350680151936, -0.34113028926220684, 0.2130529238289669, -2.3922380323908334, -0.5415350680151936, -0.34113028926220684, 0.21305311562842852, -2.3922380323908334, -0.5415350680151936, -0.34113028926220684, 0.213053314213439, -2.3922380323908334, -0.5415350680151936, -0.34113028926220684, 0.21305350823826197, -2.3922380323908334, -0.5415350680151936, -0.34113028926220684, 0.21305369566339818, -2.3922380323908334, -0.5415350680151936, -0.34113028926220684, 0.21305396692851347, -2.3922380323908334, -0.5415350680151936, -0.34113028926220684, 0.21305402150553004, -2.3922380323908334, -0.5415350680151936, -0.34113028926220684, 0.21305421062683785, -2.3922380323908334, -0.5415350680151936, -0.34113028926220684, 0.21305437263780216, -2.3922380323908334, -0.5415350680151936, -0.34113028926220695, 23.464477091564767, -2.3922380323908334, -0.5415350680151936, -0.34113028926220695, 6.156947245688133, -2.3922380323908334, -0.5415350680151936, -0.34113028926220695, 101.16609594044948, -2.92937659707325, -0.5801610012712223, -0.49906348173569615, 1.544041053562732, -2.92937659707325, -0.5801610012712223, -0.49906348173569615, 4.743780498199077, -2.92937659707325, -0.5801610012712223, -0.49906348173569615, 2.1803193441354205, -2.92937659707325, -0.5801610012712223, -0.49906348173569615, 3.3472017801526843, -2.92937659707325, -0.5801610012712223, -0.49906348173569615, 3.5541197524868746, -2.92937659707325, -0.5801610012712223, -0.49906348173569615, 3.6771856533320104, -2.92937659707325, -0.5801610012712223, -0.49906348173569615, 3.7612017670673286, -2.92937659707325, -0.5801610012712223, -0.49906348173569615, 3.6195747840085546, -2.92937659707325, -0.5801610012712223, -0.49906348173569615, 2.688612996880494, -2.92937659707325, -0.5801610012712223, -0.49906348173569615, 0.9492651647823239, -2.92937659707325, -0.5801610012712223, -0.49906348173569615, 0.056215267260944855, -2.92937659707325, -0.5801610012712223, -0.49906348173569615, 0.04613083171513081, -2.92937659707325, -0.5801610012712223, -0.49906348173569615, 0.19613097676227106, -2.92937659707325, -0.5801610012712223, -0.49906348173569615, 0.30432289698290643, -2.92937659707325, -0.5801610012712223, -0.49906348173569615, 0.35795556610122586, -2.92937659707325, -0.5801610012712223, -0.49906348173569615, 0.3741162323506712, -2.92937659707325, -0.5801610012712223, -0.49906348173569615, 0.3681236230162342, -2.92937659707325, -0.5801610012712223, -0.49906348173569615, 0.3502256099312068, -2.92937659707325, -0.5801610012712223, -0.49906348173569615, 0.32857978671702864, -2.92937659707325, -0.5801610012712223, -0.49906348173569615, 0.3075846561430655, -2.92937659707325, -0.5801610012712223, -0.49906348173569615, 0.28916345095788526, -2.92937659707325, -0.5801610012712223, -0.49906348173569615, 0.27388284529946477, -2.92937659707325, -0.5801610012712223, -0.49906348173569615, 0.261640820479966, -2.92937659707325, -0.5801610012712223, -0.49906348173569615, 0.2520554848196022, -2.92937659707325, -0.5801610012712223, -0.49906348173569615, 0.24466781270554647, -2.92937659707325, -0.5801610012712223, -0.49906348173569615, 0.2390375625609636, -2.92937659707325, -0.5801610012712223, -0.49906348173569615, 0.2347818362156418, -2.92937659707325, -0.5801610012712223, -0.49906348173569615, 0.23158484652655906, -2.92937659707325, -0.5801610012712223, -0.49906348173569615, 0.2291944834972497, -2.92937659707325, -0.5801610012712223, -0.49906348173569615, 0.22741372112072422, -2.92937659707325, -0.5801610012712223, -0.49906348173569615, 0.22609086612407533, -2.92937659707325, -0.5801610012712223, -0.49906348173569615, 0.22511034521807588, -2.92937659707325, -0.5801610012712223, -0.49906348173569615, 0.22438479570033912, -2.92937659707325, -0.5801610012712223, -0.49906348173569615, 0.22384862169078806, -2.92937659707325, -0.5801610012712223, -0.49906348173569615, 0.2234527678909393, -2.92937659707325, -0.5801610012712223, -0.49906348173569615, 0.22316068163717176, -2.92937659707325, -0.5801610012712223, -0.49906348173569615, 0.22294521484797478, -2.92937659707325, -0.5801610012712223, -0.49906348173569615, 0.22278627342276203, -2.92937659707325, -0.5801610012712223, -0.49906348173569615, 0.22266897412078765, -2.92937659707325, -0.5801610012712223, -0.49906348173569615, 0.22258233866299998, -2.92937659707325, -0.5801610012712223, -0.49906348173569615, 0.22251826616988946, -2.92937659707325, -0.5801610012712223, -0.49906348173569615, 0.22247079234178135, -2.92937659707325, -0.5801610012712223, -0.49906348173569615, 0.22243552591983998, -2.92937659707325, -0.5801610012712223, -0.49906348173569615, 0.22240923514374816, -2.92937659707325, -0.5801610012712223, -0.49906348173569615, 0.2223895439085098, -2.92937659707325, -0.5801610012712223, -0.49906348173569615, 0.22237470805182877, -2.92937659707325, -0.5801610012712223, -0.49906348173569615, 0.22236344567678062, -2.92937659707325, -0.5801610012712223, -0.49906348173569615, 0.2223548137838547, -2.92937659707325, -0.5801610012712223, -0.49906348173569615, 0.22234812141168978, -2.92937659707325, -0.5801610012712223, -0.49906348173569615, 0.2223428598788579, -2.92937659707325, -0.5801610012712223, -0.49906348173569615, 0.222338657278473, -2.92937659707325, -0.5801610012712223, -0.49906348173569615, 0.22233523939872077, -2.92937659707325, -0.5801610012712223, -0.49906348173569615, 0.22233240511304433, -2.92937659707325, -0.5801610012712223, -0.49906348173569615, 0.2223300066741928, -2.92937659707325, -0.5801610012712223, -0.49906348173569615, 0.22232793549517121, -2.92937659707325, -0.5801610012712223, -0.49906348173569615, 0.22232611172337072, -2.92937659707325, -0.5801610012712223, -0.49906348173569615, 0.2223244765895937, -2.92937659707325, -0.5801610012712223, -0.49906348173569615, 0.2223229867953775, -2.92937659707325, -0.5801610012712223, -0.49906348173569615, 0.22232161039421977, -2.92937659707325, -0.5801610012712223, -0.49906348173569615, 0.22232032387458125, -2.92937659707325, -0.5801610012712223, -0.49906348173569615, 0.22231910920391193, -2.92937659707325, -0.5801610012712223, -0.49906348173569615, 0.22231795470229454, -2.92937659707325, -0.5801610012712223, -0.49906348173569615, 0.22231684895201304, -2.92937659707325, -0.5801610012712223, -0.49906348173569615, 0.22231578569599636, -2.92937659707325, -0.5801610012712223, -0.49906348173569615, 0.22231475922945754, -2.92937659707325, -0.5801610012712223, -0.49906348173569615, 0.2223137651732839, -2.92937659707325, -0.5801610012712223, -0.49906348173569615, 0.22231280072308993, -2.92937659707325, -0.5801610012712223, -0.49906348173569615, 0.2223118629734878, -2.92937659707325, -0.5801610012712223, -0.49906348173569615, 0.22231095004028883, -2.92937659707325, -0.5801610012712223, -0.49906348173569615, 0.22231006014620144, -2.92937659707325, -0.5801610012712223, -0.49906348173569615, 0.22230919276907463, -2.92937659707325, -0.5801610012712223, -0.49906348173569615, 0.22230834574089983, -2.92937659707325, -0.5801610012712223, -0.49906348173569615, 0.22230751863886522, -2.92937659707325, -0.5801610012712223, -0.49906348173569615, 0.22230671088825124, -2.92937659707325, -0.5801610012712223, -0.49906348173569615, 0.22230592142639038, -2.92937659707325, -0.5801610012712223, -0.49906348173569615, 0.2223051497123717, -2.92937659707325, -0.5801610012712223, -0.49906348173569615, 0.22230439498494775, -2.92937659707325, -0.5801610012712223, -0.49906348173569615, 0.22230365731374394, -2.92937659707325, -0.5801610012712223, -0.49906348173569615, 0.22230293560114453, -2.92937659707325, -0.5801610012712223, -0.49906348173569615, 0.22230222986611273, -2.92937659707325, -0.5801610012712223, -0.49906348173569615, 0.22230153884612674, -2.92937659707325, -0.5801610012712223, -0.49906348173569615, 0.22230086286046208, -2.92937659707325, -0.5801610012712223, -0.49906348173569615, 0.22230020130494202, -2.92937659707325, -0.5801610012712223, -0.49906348173569615, 0.22229955344151917, -2.92937659707325, -0.5801610012712223, -0.49906348173569615, 0.22229891978696675, -2.92937659707325, -0.5801610012712223, -0.49906348173569615, 0.22229829932851583, -2.92937659707325, -0.5801610012712223, -0.49906348173569615, 0.22229769140534167, -2.92937659707325, -0.5801610012712223, -0.49906348173569615, 0.22229709603077483, -2.92937659707325, -0.5801610012712223, -0.49906348173569615, 0.2222965133151008
-2.0, -0.5, -0.5, 0.01, -2.0, -0.5, -0.5, 8.93564488241488, -2.0, -0.5, -0.5, 49.16482856260472, -2.0, -0.5, -0.5, 12.619085981162172
-2.0, -0.5, -0.5, 0.01
-2.0, -0.5, -0.5, 0.01
-2.0, -0.5, -0.5, 0.01
-2.0, -0.5, -0.5, 0.01
-2.0, -0.5, -0.5, 0.01
-2.0, -0.5, -0.5, 0.01
-2.0, -0.5, -0.5, 0.01, -2.0, -0.5, -0.5, 19.671341978803852, -2.0, -0.5, -0.5, 22.60620944075291
-2.0, -0.5, -0.5, 0.01, -2.0, -0.5, -0.5, 2.161187571076019, -2.0, -0.5, -0.5, 2.640172111170192, -2.0, -0.5, -0.5, 2.8005192302038946, -2.0, -0.5, -0.5, 2.8620829551650164, -0.027446882987485433, 0.7068421403560945, -1.0438411835225851, 13.369759144786581, -0.027446882987485433, 0.7068421403560945, -1.0438411835225851, 8.773826387639174, -0.6608619548211371, 0.31930783548359176, -0.869205986449273, 2.4162121877759146, -0.6608619548211371, 0.31930783548359176, -0.869205986449273, 7.163259561119261, -0.6608619548211371, 0.3193078354835918, -0.869205986449273, 0.9997789497211881, -0.6608619548211371, 0.3193078354835918, -0.869205986449273, 3.5777156387191504
-2.0, -0.5, -0.5, 0.01, -2.2272617165299575, -2.6091639245837217, -0.22020388628037907, 8.770143190075327, -2.2272617165299575, -2.6091639245837217, -0.22020388628037907, 9.155977658868082
-2.0, -0.5, -0.5, 0.01
-2.0, -0.5, -0.5, 0.01
-2.0, -0.5, -0.5, 0.01
