-2.0, -0.5, -0.5, 0.1
-2.0, -0.5, -0.5, 0.1
-2.0, -0.5, -0.5, 0.1
-2.0, -0.5, -0.5, 0.1
-2.0, -0.5, -0.5, 0.1
-2.0, -0.5, -0.5, 0.1
-2.0, -0.5, -0.5, 0.1
-2.0, -0.5, -0.5, 0.1
-2.0, -0.5, -0.5, 0.1
-2.0, -0.5, -0.5, 0.1
-2.0, -0.5, -0.5, 0.1, -2.0, -0.5, -0.5, 0.07349606009415849, -2.0, -0.5, -0.5, 0.06556023881275849, -2.183494997003911, -0.546341460124469, -0.49378725791055994, 0.1072699968207558, -2.183494997003911, -0.546341460124469, -0.49378725791055994, 0.10578895626898525, -2.1538338904911156, -0.5720821953814212, -0.5188265456246164, 0.12223127528234963, -2.0022072502605286, -0.54122022698312, -0.5117380831303733, 0.12305579896479331, -1.9949671263463578, -0.5392729109271461, -0.48918680104900036, 0.1269074792061302, -1.9949671263463578, -0.5392729109271461, -0.48918680104900036, 0.12314089807776533, -1.9949671263463578, -0.5392729109271461, -0.48918680104900036, 0.12007122440831489, -1.9949671263463578, -0.5392729109271461, -0.48918680104900036, 0.11789275566913616, -1.9949671263463578, -0.5392729109271461, -0.48918680104900036, 0.11631105997909448, -1.9949671263463578, -0.5392729109271461, -0.48918680104900036, 0.11507837211201595, -1.9949671263463578, -0.5392729109271461, -0.48918680104900036, 0.11403703302149215, -1.9949671263463578, -0.5392729109271461, -0.48918680104900036, 0.1130924695503558, -1.9949671263463578, -0.5392729109271461, -0.48918680104900036, 0.11218888823874566
-2.0, -0.5, -0.5, 0.1
-2.0, -0.5, -0.5, 0.1, -2.0, -0.5, -0.5, 0.0041910815830722755
-2.0, -0.5, -0.5, 0.1
-2.0, -0.5, -0.5, 0.1
-2.0, -0.5, -0.5, 0.1
-2.0, -0.5, -0.5, 0.1
-2.0, -0.5, -0.5, 0.1
-2.0, -0.5, -0.5, 0.1, -2.0523626704253277, -0.5217252499190682, -0.4995309843830199, 0.5338644231813406, -2.0523626704253277, -0.5217252499190682, -0.4995309843830199, 0.46147744188558565, -2.0523626704253277, -0.5217252499190682, -0.4995309843830199, 0.37010747960117757, -2.0523626704253277, -0.5217252499190682, -0.4995309843830199, 0.3339228018110533
-2.0, -0.5, -0.5, 0.1, -2.0, -0.5, -0.5, 0.2503893238075527, -2.0, -0.5, -0.5, 0.18124443037542504, -2.0, -0.5, -0.5, 0.12864914867497987, -2.0, -0.5, -0.5, 0.09538998415067078
-2.0, -0.5, -0.5, 0.1
-2.0, -0.5, -0.5, 0.1, -2.0, -0.5, -0.5, 0.005976522271385461
-2.0, -0.5, -0.5, 0.1
-2.0, -0.5, -0.5, 0.1
-2.0, -0.5, -0.5, 0.1
-2.0, -0.5, -0.5, 0.1
-2.0, -0.5, -0.5, 0.1
