-2.0, -0.5, -0.5, 0.1
-2.0, -0.5, -0.5, 0.1
-2.0, -0.5, -0.5, 0.1
-2.0, -0.5, -0.5, 0.1
-2.0, -0.5, -0.5, 0.1
-2.0, -0.5, -0.5, 0.1
-2.0, -0.5, -0.5, 0.1, -2.0, -0.5, -0.5, 0.24904042876797414, -2.0, -0.5, -0.5, 0.24001181411375638, -2.0299285996052014, -0.5191310924718987, -0.47567613663850006, 0.24351801505576318
-2.0, -0.5, -0.5, 0.1, -2.0, -0.5, -0.5, 0.2682902437358078, -2.0, -0.5, -0.5, 0.19271535391700675, -2.0, -0.5, -0.5, 0.1438919736169388, -2.0, -0.5, -0.5, 0.1251311911183583, -2.0, -0.5, -0.5, 0.12469384682531841, -2.0, -0.5, -0.5, 0.43950092212388936, -2.0, -0.5, -0.5, 0.30807976742869586, -2.0, -0.5, -0.5, 0.25688781523135906, -2.0, -0.5, -0.5, 0.25917022525786754, -2.0, -0.5, -0.5, 0.17396986860200858, -2.0, -0.5, -0.5, 0.12468011791423562, -2.0, -0.5, -0.5, 0.11115384377971681, -2.0, -0.5, -0.5, 0.43456037199897685, -2.0, -0.5, -0.5, 0.3055546528099943, -2.0, -0.5, -0.5, 0.2445655218552722, -2.0, -0.5, -0.5, 0.24208053240068253
-2.0, -0.5, -0.5, 0.1, -2.0662126126322766, -0.502088841684623, -0.49249124886324724, 0.3839195833711565, -2.0662126126322766, -0.502088841684623, -0.49249124886324724, 0.3581797380045916, -1.981177612611198, -0.49158490898317014, -0.5324113121446112, 1.0017031634449314, -1.981177612611198, -0.49158490898317014, -0.5324113121446112, 0.7460600337634843, -1.981177612611198, -0.49158490898317014, -0.5324113121446112, 0.6741258649650803, -2.0524519609141274, -0.48648644569993965, -0.5361937319924341, 0.3658500042516159, -2.00826626814059, -0.49033023801991865, -0.49339830006908125, 0.9496027534410143, -2.00826626814059, -0.49033023801991865, -0.49339830006908125, 0.7232182239441955, -2.00826626814059, -0.49033023801991865, -0.49339830006908125, 0.6533127449580306
-2.0, -0.5, -0.5, 0.1
-2.0, -0.5, -0.5, 0.1, -2.0, -0.5, -0.5, 0.07349606009415849, -2.0, -0.5, -0.5, 0.06556023881275849, -2.183494997003911, -0.546341460124469, -0.49378725791055994, 0.1072699968207558, -2.183494997003911, -0.546341460124469, -0.49378725791055994, 0.10578895626898525, -2.1538338904911156, -0.5720821953814212, -0.5188265456246164, 0.12223127528234963, -2.0022072502605286, -0.54122022698312, -0.5117380831303733, 0.12305579896479331, -1.9949671263463578, -0.5392729109271461, -0.48918680104900036, 0.1269074792061302, -1.9949671263463578, -0.5392729109271461, -0.48918680104900036, 0.12314089807776533, -1.9949671263463578, -0.5392729109271461, -0.48918680104900036, 0.12007122440831489, -1.9949671263463578, -0.5392729109271461, -0.48918680104900036, 0.11789275566913616, -1.9949671263463578, -0.5392729109271461, -0.48918680104900036, 0.11631105997909448, -1.9949671263463578, -0.5392729109271461, -0.48918680104900036, 0.11507837211201595, -1.9949671263463578, -0.5392729109271461, -0.48918680104900036, 0.11403703302149215, -1.9949671263463578, -0.5392729109271461, -0.48918680104900036, 0.1130924695503558, -1.9949671263463578, -0.5392729109271461, -0.48918680104900036, 0.11218888823874566, -2.045003229658244, -0.5725233104003359, -0.5117605636831267, 0.3255771585049671, -2.045003229658244, -0.5725233104003359, -0.5117605636831267, 0.31688876309151065, -2.045003229658244, -0.5725233104003359, -0.5117605636831267, 0.310615421988075, -2.045003229658244, -0.5725233104003359, -0.5117605636831267, 0.30661143642528943, -2.045003229658244, -0.5725233104003359, -0.5117605636831267, 0.3040177174683768, -2.045003229658244, -0.5725233104003359, -0.5117605636831267, 0.30220373773746934, -2.045003229658244, -0.5725233104003359, -0.5117605636831267, 0.3007818712517182, -2.045003229658244, -0.5725233104003359, -0.5117605636831267, 0.29952126156247416, -2.045003229658244, -0.5725233104003359, -0.5117605636831267, 0.2982859191158232, -2.045003229658244, -0.5725233104003359, -0.5117605636831267, 0.29699686080341353, -2.045003229658244, -0.5725233104003359, -0.5117605636831267, 0.2956095816292658, -2.045003229658244, -0.5725233104003359, -0.5117605636831267, 0.29410054144262854, -2.045003229658244, -0.5725233104003359, -0.5117605636831267, 0.29245900210065595, -2.045003229658244, -0.5725233104003359, -0.5117605636831267, 0.29068201244820074, -2.045003229658244, -0.5725233104003359, -0.5117605636831267, 0.2887713176212202, -2.045003229658244, -0.5725233104003359, -0.5117605636831267, 0.2867314478747662, -2.0406842402754117, -0.5696532203494681, -0.5098120538133702, 0.05696305658678609, -2.0406842402754117, -0.5696532203494681, -0.5098120538133702, 0.041187638818817346, -2.0406842402754117, -0.5696532203494681, -0.5098120538133702, 0.029338865769277536, -2.0406842402754117, -0.5696532203494681, -0.5098120538133702, 0.021670477216106734, -2.0406842402754117, -0.5696532203494681, -0.5098120538133702, 0.016486673063123146, -2.0406842402754117, -0.5696532203494681, -0.5098120538133702, 0.013222302321113894, -2.0406842402754117, -0.5696532203494681, -0.5098120538133702, 0.010948687935691988, -2.0406842402754117, -0.5696532203494681, -0.5098120538133702, 0.009563765584294346, -2.0406842402754117, -0.5696532203494681, -0.5098120538133702, 0.008843246678868134, -2.0406842402754117, -0.5696532203494681, -0.5098120538133702, 0.008405448254384365, -2.0406842402754117, -0.5696532203494681, -0.5098120538133702, 0.008219068241180098, -2.0406842402754117, -0.5696532203494681, -0.5098120538133702, 0.008154354178611585, -2.0406842402754117, -0.5696532203494681, -0.5098120538133702, 0.008144380168888254, -2.0406842402754117, -0.5696532203494681, -0.5098120538133702, 0.008126497182608515, -2.1877673167300626, -0.5549382416549125, -0.5253942172361743, 0.008170090074588184, -2.1877673167300626, -0.5549382416549125, -0.5253942172361743, 0.007129444885053773, -2.1877673167300626, -0.5549382416549125, -0.5253942172361743, 0.006519252223123871, -2.1877673167300626, -0.5549382416549125, -0.5253942172361743, 0.006111210573454869, -2.1877673167300626, -0.5549382416549125, -0.5253942172361743, 0.005901643194293102, -2.1877673167300626, -0.5549382416549125, -0.5253942172361743, 0.0058239101906770105, -2.1877673167300626, -0.5549382416549125, -0.5253942172361743, 0.0057605349293957, -2.1877673167300626, -0.5549382416549125, -0.5253942172361743, 0.00572469675421092, -2.1877673167300626, -0.5549382416549125, -0.5253942172361743, 0.0056796616825565225, -2.1877673167300626, -0.5549382416549125, -0.5253942172361743, 0.005640034552104502, -2.1877673167300626, -0.5549382416549125, -0.5253942172361743, 0.005616559187862656, -2.1877673167300626, -0.5549382416549125, -0.5253942172361743, 0.005602007074188973, -2.1877673167300626, -0.5549382416549125, -0.5253942172361743, 0.005590134930754214, -2.1877673167300626, -0.5549382416549125, -0.5253942172361743, 0.005577368163821473, -2.1877673167300626, -0.5549382416549125, -0.5253942172361743, 0.005561935865511811, -2.1877673167300626, -0.5549382416549125, -0.5253942172361743, 0.005543091695127198, -2.1877673167300626, -0.5549382416549125, -0.5253942172361743, 0.005520630940106932, -2.1877673167300626, -0.5549382416549125, -0.5253942172361743, 0.005494618140660044, -2.1877673167300626, -0.5549382416549125, -0.5253942172361743, 0.005465240560510993, -2.1877673167300626, -0.5549382416549125, -0.5253942172361743, 0.005432731757599695, -2.1877673167300626, -0.5549382416549125, -0.5253942172361743, 0.00539733426431204, -2.1877673167300626, -0.5549382416549125, -0.5253942172361743, 0.005359282069525204, -2.1877673167300626, -0.5549382416549125, -0.5253942172361743, 0.03717169178421433, -2.1877673167300626, -0.5549382416549125, -0.5253942172361743, 0.020810271202103325, -2.1877673167300626, -0.5549382416549125, -0.5253942172361743, 0.015910860415132098, -1.9661873352236028, -0.5701367978723297, -0.5416150804002614, 0.019814617055533175, -2.0283535974058884, -0.5824711222504835, -0.5394176061488166, 0.022370552266965514, -2.0525569074900964, -0.57817304875425, -0.549790803641717, 0.022754030964768034, -2.011357732022538, -0.5233463916084401, -0.5414330421139567, 0.02373200238433328, -2.011357732022538, -0.5233463916084401, -0.5414330421139567, 0.02361043787173785, -2.011357732022538, -0.5233463916084401, -0.5414330421139567, 0.023597372694015344, -2.0562171018166144, -0.4703232015719506, -0.5323882646386254, 0.02638659905013312, -2.0562171018166144, -0.4703232015719506, -0.5323882646386254, 0.024130094495670926, -2.0562171018166144, -0.4703232015719506, -0.5323882646386254, 0.022711558378294715, -2.0562171018166144, -0.4703232015719506, -0.5323882646386254, 0.021950477017496257, -2.0562171018166144, -0.4703232015719506, -0.5323882646386254, 0.021547159309129437, -2.0562171018166144, -0.4703232015719506, -0.5323882646386254, 0.021318645517653275, -2.0562171018166144, -0.4703232015719506, -0.5323882646386254, 0.021170143480325698, -2.0562171018166144, -0.4703232015719506, -0.5323882646386254, 0.02105406390341254, -2.0562171018166144, -0.4703232015719506, -0.5323882646386254, 0.020946753562726347, -2.0562171018166144, -0.4703232015719506, -0.5323882646386254, 0.020836701652251093, -2.0562171018166144, -0.4703232015719506, -0.5323882646386254, 0.02071859945653252, -2.0562171018166144, -0.4703232015719506, -0.5323882646386254, 0.020590297659630153, -2.0562171018166144, -0.4703232015719506, -0.5323882646386254, 0.020451232603182875, -2.0562171018166144, -0.4703232015719506, -0.5323882646386254, 0.020301615614291044, -2.0562171018166144, -0.4703232015719506, -0.5323882646386254, 0.020142006209597513, -2.0562171018166144, -0.4703232015719506, -0.5323882646386254, 0.019973103271506008
-2.0, -0.5, -0.5, 0.1
-2.0, -0.5, -0.5, 0.1, -2.0, -0.5, -0.5, 0.0041910815830722755
-2.0, -0.5, -0.5, 0.1, -1.9348720400015489, -0.5491560910438995, -0.5212829751954824, 0.29217288624437776, -1.9348720400015489, -0.5491560910438995, -0.5212829751954824, 0.2921023920544688, -1.9348720400015489, -0.5491560910438995, -0.5212829751954824, 0.2917452065748103, -1.9348720400015489, -0.5491560910438995, -0.5212829751954824, 0.2911460204076951, -1.9348720400015489, -0.5491560910438995, -0.5212829751954824, 0.2902959169725688, -1.9348720400015489, -0.5491560910438995, -0.5212829751954824, 0.2891897495333023, -1.9348720400015489, -0.5491560910438995, -0.5212829751954824, 0.28784131680797775, -1.9348720400015489, -0.5491560910438995, -0.5212829751954824, 0.2862750415736392, -1.9348720400015489, -0.5491560910438995, -0.5212829751954824, 0.2845137998892797, -1.9348720400015489, -0.5491560910438995, -0.5212829751954824, 0.2825769382276529, -1.9348720400015489, -0.5491560910438995, -0.5212829751954824, 0.2804809807404911, -1.9348720400015489, -0.5491560910438995, -0.5212829751954824, 0.27824043961489164, -1.9348720400015489, -0.5491560910438995, -0.5212829751954824, 0.27586837939859576, -1.9348720400015489, -0.5491560910438995, -0.5212829751954824, 0.27337677341015165, -1.9364621456974354, -0.547955940135469, -0.5207633492148048, 0.5518492975939917, -1.9364621456974354, -0.547955940135469, -0.5207633492148048, 0.549862403792197, -1.9364621456974354, -0.547955940135469, -0.5207633492148048, 0.548244974949084, -1.9364621456974354, -0.547955940135469, -0.5207633492148048, 0.5471128543517306, -1.9364621456974354, -0.547955940135469, -0.5207633492148048, 0.5461100227038966, -1.9364621456974354, -0.547955940135469, -0.5207633492148048, 0.54498091511868, -1.9364621456974354, -0.547955940135469, -0.5207633492148048, 0.5436092428655306, -1.828098847732279, -0.4848118347728718, -0.5245187257548927, 0.27126656549753264, -1.828098847732279, -0.4848118347728718, -0.5245187257548927, 0.26991627430386844, -1.828098847732279, -0.4848118347728718, -0.5245187257548927, 0.2688022481509758, -1.828098847732279, -0.4848118347728718, -0.5245187257548927, 0.2679609865609341, -1.828098847732279, -0.4848118347728718, -0.5245187257548927, 0.26721777433141886, -1.828098847732279, -0.4848118347728718, -0.5245187257548927, 0.2664343029911908, -1.828098847732279, -0.4848118347728718, -0.5245187257548927, 0.26552942750868097, -1.828098847732279, -0.4848118347728718, -0.5245187257548927, 0.2644620366612266, -1.828098847732279, -0.4848118347728718, -0.5245187257548927, 0.2632154327195962, -1.828098847732279, -0.4848118347728718, -0.5245187257548927, 0.26178699250829623, -1.828098847732279, -0.4848118347728718, -0.5245187257548927, 0.26018192648916677, -1.828098847732279, -0.4848118347728718, -0.5245187257548927, 0.2584096119860849, -1.828098847732279, -0.4848118347728718, -0.5245187257548927, 0.25648146503561, -1.828098847732279, -0.4848118347728718, -0.5245187257548927, 0.25440971585706806, -1.828098847732279, -0.4848118347728718, -0.5245187257548927, 0.25220671146745993, -1.828098847732279, -0.4848118347728718, -0.5245187257548927, 0.2498845236709669, -1.828098847732279, -0.4848118347728718, -0.5245187257548927, 0.24745473536604246, -1.8572324256031432, -0.5017881888079694, -0.5235090891258907, 0.5169035791085139, -1.8410423735706691, -0.4778921886336354, -0.4728686445659218, 0.5198925976767588, -1.8410423735706691, -0.4778921886336354, -0.4728686445659218, 0.5191424504379152, -1.8410423735706691, -0.4778921886336354, -0.4728686445659218, 0.5182211832812128, -1.8410423735706691, -0.4778921886336354, -0.4728686445659218, 0.5168515126183286, -1.8410423735706691, -0.4778921886336354, -0.4728686445659218, 0.5150363949425226, -1.8410423735706691, -0.4778921886336354, -0.4728686445659218, 0.5128273569091482, -1.8410423735706691, -0.4778921886336354, -0.4728686445659218, 0.5102573751125601
-2.0, -0.5, -0.5, 0.1
-2.0, -0.5, -0.5, 0.1, -2.0, -0.5, -0.5, 0.24375596882415906, -2.1764841175338594, -0.49888248704883986, -0.5795401412995835, 0.4809263069690278
-2.0, -0.5, -0.5, 0.1, -2.0, -0.5, -0.5, 0.48146514468625773, -2.0, -0.5, -0.5, 0.4816745286955278, -2.0, -0.5, -0.5, 0.4809467041770248, -2.0, -0.5, -0.5, 0.4809956891875905, -2.2156604695979545, -0.49188381951540006, -0.5080380615994479, 0.5090854766341398, -2.0936168304122256, -0.507274002795369, -0.5029890977168605, 0.5165264351595473
-2.0, -0.5, -0.5, 0.1
-2.0, -0.5, -0.5, 0.1, -2.0523626704253277, -0.5217252499190682, -0.4995309843830199, 0.5338644231813406, -2.0523626704253277, -0.5217252499190682, -0.4995309843830199, 0.46147744188558565, -2.0523626704253277, -0.5217252499190682, -0.4995309843830199, 0.37010747960117757, -2.0523626704253277, -0.5217252499190682, -0.4995309843830199, 0.3339228018110533, -2.069872186895637, -0.5232767057545029, -0.5088978231408112, 0.9767935499848556, -2.069872186895637, -0.5232767057545029, -0.5088978231408112, 0.752845343463198, -2.069872186895637, -0.5232767057545029, -0.5088978231408112, 0.5427421706169356, -2.0366946077687227, -0.5347527033868841, -0.4845157616296855, 0.22533986335367467, -2.0366946077687227, -0.5347527033868841, -0.4845157616296855, 0.20981045305588833, -2.1072481188348218, -0.5091499297894524, -0.5002276532313528, 0.35525891662120956, -2.1072481188348218, -0.5091499297894524, -0.5002276532313528, 0.30888776011569397
-2.0, -0.5, -0.5, 0.1, -2.0, -0.5, -0.5, 0.2503893238075527, -2.0, -0.5, -0.5, 0.18124443037542504, -2.0, -0.5, -0.5, 0.12864914867497987, -2.0, -0.5, -0.5, 0.09538998415067078, -2.0, -0.5, -0.5, 0.3744830588598231, -2.0, -0.5, -0.5, 0.2524662547932544, -2.0, -0.5, -0.5, 0.1783761577029759, -2.0, -0.5, -0.5, 0.14920687243105057, -2.0, -0.5, -0.5, 0.15908168891591115, -2.0, -0.5, -0.5, 0.11583770281126904, -2.0, -0.5, -0.5, 0.08257699370617452, -2.0, -0.5, -0.5, 0.07980375148142091, -2.0, -0.5, -0.5, 0.20276866517043812, -2.0, -0.5, -0.5, 0.12483147862416785, -2.0, -0.5, -0.5, 0.0722585618521846, -2.0, -0.5, -0.5, 0.06818074633361759
-2.0, -0.5, -0.5, 0.1
-2.0, -0.5, -0.5, 0.1, -2.0, -0.5, -0.5, 0.005976522271385461, -2.0385880748591063, -0.4671989998752261, -0.46350775800941324, 0.2683964293569419
-2.0, -0.5, -0.5, 0.1
-2.0, -0.5, -0.5, 0.1
-2.0, -0.5, -0.5, 0.1
-2.0, -0.5, -0.5, 0.1
-2.0, -0.5, -0.5, 0.1
