-2.0, -0.5, -0.5, 0.1
-2.0, -0.5, -0.5, 0.1
-2.0, -0.5, -0.5, 0.1
-2.0, -0.5, -0.5, 0.1
-2.0, -0.5, -0.5, 0.1
-2.0, -0.5, -0.5, 0.1
-2.0, -0.5, -0.5, 0.1, -2.0, -0.5, -0.5, 0.24904042876797414, -2.0, -0.5, -0.5, 0.24001181411375638, -2.0299285996052014, -0.5191310924718987, -0.47567613663850006, 0.24351801505576318
-2.0, -0.5, -0.5, 0.1, -2.0, -0.5, -0.5, 0.2682902437358078, -2.0, -0.5, -0.5, 0.19271535391700675, -2.0, -0.5, -0.5, 0.1438919736169388, -2.0, -0.5, -0.5, 0.1251311911183583, -2.0, -0.5, -0.5, 0.12469384682531841, -2.0, -0.5, -0.5, 0.43950092212388936, -2.0, -0.5, -0.5, 0.30807976742869586, -2.0, -0.5, -0.5, 0.25688781523135906, -2.0, -0.5, -0.5, 0.25917022525786754, -2.0, -0.5, -0.5, 0.17396986860200858, -2.0, -0.5, -0.5, 0.12468011791423562, -2.0, -0.5, -0.5, 0.11115384377971681, -2.0, -0.5, -0.5, 0.43456037199897685, -2.0, -0.5, -0.5, 0.3055546528099943, -2.0, -0.5, -0.5, 0.2445655218552722, -2.0, -0.5, -0.5, 0.24208053240068253, -2.0, -0.5, -0.5, 0.3473033750443353, -2.0, -0.5, -0.5, 0.2364928442558592, -2.0, -0.5, -0.5, 0.18051347822560315, -2.0, -0.5, -0.5, 0.16760640637900426, -2.0, -0.5, -0.5, 0.3646428739705766, -2.0, -0.5, -0.5, 0.25521098812756104, -2.0, -0.5, -0.5, 0.19593656720970928, -2.0, -0.5, -0.5, 0.18045110825860886, -2.0, -0.5, -0.5, 0.26535116793531516, -2.0, -0.5, -0.5, 0.17898089179731586, -2.0, -0.5, -0.5, 0.13409560816452146, -2.0, -0.5, -0.5, 0.12524939053145423, -2.0, -0.5, -0.5, 0.2895568134782455, -2.0, -0.5, -0.5, 0.1835885399002336, -2.0, -0.5, -0.5, 0.13684259252173148, -2.0, -0.5, -0.5, 0.12779009791872692, -2.0, -0.5, -0.5, 0.32952110894943243, -2.0, -0.5, -0.5, 0.21988516092199786, -2.0, -0.5, -0.5, 0.16375721149644742, -2.0, -0.5, -0.5, 0.1526974092340296, -1.9999999999999996, -0.4999999999999999, -0.4999999999999999, 0.3160674848814582, -1.9999999999999996, -0.4999999999999999, -0.4999999999999999, 0.2236636326666854, -1.9999999999999996, -0.4999999999999999, -0.4999999999999999, 0.1732593891531102, -1.9999999999999996, -0.4999999999999999, -0.4999999999999999, 0.16099350153010752
-2.0, -0.5, -0.5, 0.1, -2.0662126126322766, -0.502088841684623, -0.49249124886324724, 0.3839195833711565, -2.0662126126322766, -0.502088841684623, -0.49249124886324724, 0.3581797380045916, -1.981177612611198, -0.49158490898317014, -0.5324113121446112, 1.0017031634449314, -1.981177612611198, -0.49158490898317014, -0.5324113121446112, 0.7460600337634843, -1.981177612611198, -0.49158490898317014, -0.5324113121446112, 0.6741258649650803, -2.0524519609141274, -0.48648644569993965, -0.5361937319924341, 0.3658500042516159, -2.00826626814059, -0.49033023801991865, -0.49339830006908125, 0.9496027534410143, -2.00826626814059, -0.49033023801991865, -0.49339830006908125, 0.7232182239441955, -2.00826626814059, -0.49033023801991865, -0.49339830006908125, 0.6533127449580306, -1.953710890954574, -0.48325149795291855, -0.5355279412494106, 0.566761258584269, -1.953710890954574, -0.48325149795291855, -0.5355279412494106, 0.49968009094236215, -1.9668563851944638, -0.4854463846432983, -0.5454919551826878, 0.6341476003801643, -1.9668563851944638, -0.4854463846432983, -0.5454919551826878, 0.51778023598089, -2.00075403446301, -0.487941916511359, -0.5102115592879846, 0.43235620643230643, -2.00075403446301, -0.487941916511359, -0.5102115592879846, 0.37830556551061095, -2.08688300944698, -0.47173542735218105, -0.5375963513536123, 0.4968210405660135, -2.08688300944698, -0.47173542735218105, -0.5375963513536123, 0.42872639110364974, -2.058988330300395, -0.4862362988495631, -0.49600599782353766, 0.6511097850514983, -2.058988330300395, -0.4862362988495631, -0.49600599782353766, 0.4886884193879154, -2.04788964954463, -0.5040014144230465, -0.5294072872560078, 0.5160800522680132, -2.04788964954463, -0.5040014144230465, -0.5294072872560078, 0.45852433149393507
-2.0, -0.5, -0.5, 0.1
-2.0, -0.5, -0.5, 0.1, -2.0, -0.5, -0.5, 0.07349606009415849, -2.0, -0.5, -0.5, 0.06556023881275849, -2.183494997003911, -0.546341460124469, -0.49378725791055994, 0.1072699968207558, -2.183494997003911, -0.546341460124469, -0.49378725791055994, 0.10578895626898525, -2.1538338904911156, -0.5720821953814212, -0.5188265456246164, 0.12223127528234963, -2.0022072502605286, -0.54122022698312, -0.5117380831303733, 0.12305579896479331, -1.9949671263463578, -0.5392729109271461, -0.48918680104900036, 0.1269074792061302, -1.9949671263463578, -0.5392729109271461, -0.48918680104900036, 0.12314089807776533, -1.9949671263463578, -0.5392729109271461, -0.48918680104900036, 0.12007122440831489, -1.9949671263463578, -0.5392729109271461, -0.48918680104900036, 0.11789275566913616, -1.9949671263463578, -0.5392729109271461, -0.48918680104900036, 0.11631105997909448, -1.9949671263463578, -0.5392729109271461, -0.48918680104900036, 0.11507837211201595, -1.9949671263463578, -0.5392729109271461, -0.48918680104900036, 0.11403703302149215, -1.9949671263463578, -0.5392729109271461, -0.48918680104900036, 0.1130924695503558, -1.9949671263463578, -0.5392729109271461, -0.48918680104900036, 0.11218888823874566, -2.045003229658244, -0.5725233104003359, -0.5117605636831267, 0.3255771585049671, -2.045003229658244, -0.5725233104003359, -0.5117605636831267, 0.31688876309151065, -2.045003229658244, -0.5725233104003359, -0.5117605636831267, 0.310615421988075, -2.045003229658244, -0.5725233104003359, -0.5117605636831267, 0.30661143642528943, -2.045003229658244, -0.5725233104003359, -0.5117605636831267, 0.3040177174683768, -2.045003229658244, -0.5725233104003359, -0.5117605636831267, 0.30220373773746934, -2.045003229658244, -0.5725233104003359, -0.5117605636831267, 0.3007818712517182, -2.045003229658244, -0.5725233104003359, -0.5117605636831267, 0.29952126156247416, -2.045003229658244, -0.5725233104003359, -0.5117605636831267, 0.2982859191158232, -2.045003229658244, -0.5725233104003359, -0.5117605636831267, 0.29699686080341353, -2.045003229658244, -0.5725233104003359, -0.5117605636831267, 0.2956095816292658, -2.045003229658244, -0.5725233104003359, -0.5117605636831267, 0.29410054144262854, -2.045003229658244, -0.5725233104003359, -0.5117605636831267, 0.29245900210065595, -2.045003229658244, -0.5725233104003359, -0.5117605636831267, 0.29068201244820074, -2.045003229658244, -0.5725233104003359, -0.5117605636831267, 0.2887713176212202, -2.045003229658244, -0.5725233104003359, -0.5117605636831267, 0.2867314478747662, -2.0406842402754117, -0.5696532203494681, -0.5098120538133702, 0.05696305658678609, -2.0406842402754117, -0.5696532203494681, -0.5098120538133702, 0.041187638818817346, -2.0406842402754117, -0.5696532203494681, -0.5098120538133702, 0.029338865769277536, -2.0406842402754117, -0.5696532203494681, -0.5098120538133702, 0.021670477216106734, -2.0406842402754117, -0.5696532203494681, -0.5098120538133702, 0.016486673063123146, -2.0406842402754117, -0.5696532203494681, -0.5098120538133702, 0.013222302321113894, -2.0406842402754117, -0.5696532203494681, -0.5098120538133702, 0.010948687935691988, -2.0406842402754117, -0.5696532203494681, -0.5098120538133702, 0.009563765584294346, -2.0406842402754117, -0.5696532203494681, -0.5098120538133702, 0.008843246678868134, -2.0406842402754117, -0.5696532203494681, -0.5098120538133702, 0.008405448254384365, -2.0406842402754117, -0.5696532203494681, -0.5098120538133702, 0.008219068241180098, -2.0406842402754117, -0.5696532203494681, -0.5098120538133702, 0.008154354178611585, -2.0406842402754117, -0.5696532203494681, -0.5098120538133702, 0.008144380168888254, -2.0406842402754117, -0.5696532203494681, -0.5098120538133702, 0.008126497182608515, -2.1877673167300626, -0.5549382416549125, -0.5253942172361743, 0.008170090074588184, -2.1877673167300626, -0.5549382416549125, -0.5253942172361743, 0.007129444885053773, -2.1877673167300626, -0.5549382416549125, -0.5253942172361743, 0.006519252223123871, -2.1877673167300626, -0.5549382416549125, -0.5253942172361743, 0.006111210573454869, -2.1877673167300626, -0.5549382416549125, -0.5253942172361743, 0.005901643194293102, -2.1877673167300626, -0.5549382416549125, -0.5253942172361743, 0.0058239101906770105, -2.1877673167300626, -0.5549382416549125, -0.5253942172361743, 0.0057605349293957, -2.1877673167300626, -0.5549382416549125, -0.5253942172361743, 0.00572469675421092, -2.1877673167300626, -0.5549382416549125, -0.5253942172361743, 0.0056796616825565225, -2.1877673167300626, -0.5549382416549125, -0.5253942172361743, 0.005640034552104502, -2.1877673167300626, -0.5549382416549125, -0.5253942172361743, 0.005616559187862656, -2.1877673167300626, -0.5549382416549125, -0.5253942172361743, 0.005602007074188973, -2.1877673167300626, -0.5549382416549125, -0.5253942172361743, 0.005590134930754214, -2.1877673167300626, -0.5549382416549125, -0.5253942172361743, 0.005577368163821473, -2.1877673167300626, -0.5549382416549125, -0.5253942172361743, 0.005561935865511811, -2.1877673167300626, -0.5549382416549125, -0.5253942172361743, 0.005543091695127198, -2.1877673167300626, -0.5549382416549125, -0.5253942172361743, 0.005520630940106932, -2.1877673167300626, -0.5549382416549125, -0.5253942172361743, 0.005494618140660044, -2.1877673167300626, -0.5549382416549125, -0.5253942172361743, 0.005465240560510993, -2.1877673167300626, -0.5549382416549125, -0.5253942172361743, 0.005432731757599695, -2.1877673167300626, -0.5549382416549125, -0.5253942172361743, 0.00539733426431204, -2.1877673167300626, -0.5549382416549125, -0.5253942172361743, 0.005359282069525204, -2.1877673167300626, -0.5549382416549125, -0.5253942172361743, 0.03717169178421433, -2.1877673167300626, -0.5549382416549125, -0.5253942172361743, 0.020810271202103325, -2.1877673167300626, -0.5549382416549125, -0.5253942172361743, 0.015910860415132098, -1.9661873352236028, -0.5701367978723297, -0.5416150804002614, 0.019814617055533175, -2.0283535974058884, -0.5824711222504835, -0.5394176061488166, 0.022370552266965514, -2.0525569074900964, -0.57817304875425, -0.549790803641717, 0.022754030964768034, -2.011357732022538, -0.5233463916084401, -0.5414330421139567, 0.02373200238433328, -2.011357732022538, -0.5233463916084401, -0.5414330421139567, 0.02361043787173785, -2.011357732022538, -0.5233463916084401, -0.5414330421139567, 0.023597372694015344, -2.0562171018166144, -0.4703232015719506, -0.5323882646386254, 0.02638659905013312, -2.0562171018166144, -0.4703232015719506, -0.5323882646386254, 0.024130094495670926, -2.0562171018166144, -0.4703232015719506, -0.5323882646386254, 0.022711558378294715, -2.0562171018166144, -0.4703232015719506, -0.5323882646386254, 0.021950477017496257, -2.0562171018166144, -0.4703232015719506, -0.5323882646386254, 0.021547159309129437, -2.0562171018166144, -0.4703232015719506, -0.5323882646386254, 0.021318645517653275, -2.0562171018166144, -0.4703232015719506, -0.5323882646386254, 0.021170143480325698, -2.0562171018166144, -0.4703232015719506, -0.5323882646386254, 0.02105406390341254, -2.0562171018166144, -0.4703232015719506, -0.5323882646386254, 0.020946753562726347, -2.0562171018166144, -0.4703232015719506, -0.5323882646386254, 0.020836701652251093, -2.0562171018166144, -0.4703232015719506, -0.5323882646386254, 0.02071859945653252, -2.0562171018166144, -0.4703232015719506, -0.5323882646386254, 0.020590297659630153, -2.0562171018166144, -0.4703232015719506, -0.5323882646386254, 0.020451232603182875, -2.0562171018166144, -0.4703232015719506, -0.5323882646386254, 0.020301615614291044, -2.0562171018166144, -0.4703232015719506, -0.5323882646386254, 0.020142006209597513, -2.0562171018166144, -0.4703232015719506, -0.5323882646386254, 0.019973103271506008, -2.1363817110482755, -0.42349468249427713, -0.5071630321514744, 0.2803450159693045, -2.1363817110482755, -0.42349468249427713, -0.5071630321514744, 0.27192197926124634, -2.1363817110482755, -0.42349468249427713, -0.5071630321514744, 0.26382201381860426, -2.1363817110482755, -0.42349468249427713, -0.5071630321514744, 0.26082095503865144, -2.1363817110482755, -0.42349468249427713, -0.5071630321514744, 0.25872553407770277, -2.01532913232166, -0.4163879438361276, -0.4988556394150587, 0.25946325343362026, -2.0347300644730466, -0.42446937689546954, -0.5104294131275853, 0.26928811612253434, -2.0347300644730466, -0.42446937689546954, -0.5104294131275853, 0.268822394200092, -2.0347300644730466, -0.42446937689546954, -0.5104294131275853, 0.2683406922269876, -2.0347300644730466, -0.42446937689546954, -0.5104294131275853, 0.26755691344135984, -2.0347300644730466, -0.42446937689546954, -0.5104294131275853, 0.26647814585544854, -2.0347300644730466, -0.42446937689546954, -0.5104294131275853, 0.26516069624106997, -2.0347300644730466, -0.42446937689546954, -0.5104294131275853, 0.2636527980293784, -2.0347300644730466, -0.42446937689546954, -0.5104294131275853, 0.2619874924416046, -2.0347300644730466, -0.42446937689546954, -0.5104294131275853, 0.2601866850005845, -2.0672434573247433, -0.4247760227392361, -0.5091726328646762, 0.09219492679812621, -2.0724207646585855, -0.43463535863499114, -0.476163213816503, 0.1442141941933975, -2.1319530225215466, -0.3934230698786962, -0.5397029073924948, 0.1895681970028173, -2.1319530225215466, -0.3934230698786962, -0.5397029073924948, 0.18832379620260742, -2.1319530225215466, -0.3934230698786962, -0.5397029073924948, 0.18764823632427, -2.1319530225215466, -0.3934230698786962, -0.5397029073924948, 0.18704162680570996, -2.1319530225215466, -0.3934230698786962, -0.5397029073924948, 0.1865537677116933, -2.1319530225215466, -0.3934230698786962, -0.5397029073924948, 0.18601271776737874, -2.1319530225215466, -0.3934230698786962, -0.5397029073924948, 0.1855537590639513, -2.1319530225215466, -0.3934230698786962, -0.5397029073924948, 0.18503703687434783, -2.1319530225215466, -0.3934230698786962, -0.5397029073924948, 0.18432568586441472, -2.1319530225215466, -0.3934230698786962, -0.5397029073924948, 0.18338471458707434, -2.1319530225215466, -0.3934230698786962, -0.5397029073924948, 0.18233962469189421, -2.1319530225215466, -0.3934230698786962, -0.5397029073924948, 0.18122376108721372, -2.1319530225215466, -0.3934230698786962, -0.5397029073924948, 0.1800346897765541, -2.1319530225215466, -0.3934230698786962, -0.5397029073924948, 0.17876761619247722, -2.101814878816462, -0.40412820708575575, -0.5286670685424881, 0.05054417814247133, -2.101814878816462, -0.40412820708575575, -0.5286670685424881, 0.034021427502876636, -2.101814878816462, -0.40412820708575575, -0.5286670685424881, 0.028715800822418605, -2.124706790807922, -0.3996611872830721, -0.529608594087123, 0.036303964267892036, -2.053347761177855, -0.40247037946186925, -0.5030232593511349, 0.043837931777346496, -2.053347761177855, -0.40247037946186925, -0.5030232593511349, 0.04179588598002052, -2.053347761177855, -0.40247037946186925, -0.5030232593511349, 0.04023685271796239, -2.053347761177855, -0.40247037946186925, -0.5030232593511349, 0.040074537019996664, -2.053347761177855, -0.40247037946186925, -0.5030232593511349, 0.03999194681861509, -2.1882591676348113, -0.3978739948842018, -0.5002969267884168, 0.039633940802451605, -2.1882591676348113, -0.3978739948842018, -0.5002969267884168, 0.039281356477761244, -1.993497439290233, -0.42161997183122096, -0.48569640030669115, 0.038280653286590485, -1.993497439290233, -0.42161997183122096, -0.48569640030669115, 0.03800496276646709, -2.1660983440949093, -0.42720833312330286, -0.5437319810973977, 0.05276425243674764, -2.117328849421338, -0.3980114969614385, -0.5299135151011389, 0.06831772240453743, -2.117328849421338, -0.3980114969614385, -0.5299135151011389, 0.04943802326656069, -2.117328849421338, -0.3980114969614385, -0.5299135151011389, 0.03628124633217438, -2.117328849421338, -0.3980114969614385, -0.5299135151011389, 0.029368220368549594, -2.117328849421338, -0.3980114969614385, -0.5299135151011389, 0.028335168432766785, -2.164404400810475, -0.4011082931158519, -0.47519615890072364, 0.033483397207717425, -2.164404400810475, -0.4011082931158519, -0.47519615890072364, 0.03108257835200341, -2.164404400810475, -0.4011082931158519, -0.47519615890072364, 0.03066249006635849, -2.2546381049542243, -0.39126466570196256, -0.47263884752364077, 0.03203224255975947, -2.2546381049542243, -0.39126466570196256, -0.47263884752364077, 0.031700884589842306, -2.3517636740243266, -0.4027744253017408, -0.47982428764624957, 0.03167965586067232, -2.2805683907167738, -0.4160686361746775, -0.49844387996155476, 0.04049369574301731, -2.2805683907167738, -0.4160686361746775, -0.49844387996155476, 0.040380326987976334, -2.2805683907167738, -0.4160686361746775, -0.49844387996155476, 0.04027163734925095, -2.353055776983873, -0.4481923985442824, -0.4726130108763719, 0.04193772453256204, -2.353055776983873, -0.4481923985442824, -0.4726130108763719, 0.03723479256125393, -2.353055776983873, -0.4481923985442824, -0.4726130108763719, 0.03359438687254914, -2.353055776983873, -0.4481923985442824, -0.4726130108763719, 0.032054701412581425, -2.353055776983873, -0.4481923985442824, -0.4726130108763719, 0.03149121139482179, -2.353055776983873, -0.4481923985442824, -0.4726130108763719, 0.031184397211447782, -2.239553668996532, -0.41526910691114227, -0.49414199497291583, 0.06302070141702666, -2.239553668996532, -0.41526910691114227, -0.49414199497291583, 0.05459271210548307, -2.3846258434801495, -0.3688315279038817, -0.5189992585559554, 0.11399546214078475, -2.3846258434801495, -0.3688315279038817, -0.5189992585559554, 0.11163325840036362, -2.3846258434801495, -0.3688315279038817, -0.5189992585559554, 0.11132339590729111, -2.3846258434801495, -0.3688315279038817, -0.5189992585559554, 0.11116946185625061, -2.5258494392026325, -0.3286986323304111, -0.5095254815759698, 0.11209212047853699, -2.5258494392026325, -0.3286986323304111, -0.5095254815759698, 0.10761578934128574, -2.5258494392026325, -0.3286986323304111, -0.5095254815759698, 0.10549816547079129, -2.5258494392026325, -0.3286986323304111, -0.5095254815759698, 0.10481228920838985, -2.5258494392026325, -0.3286986323304111, -0.5095254815759698, 0.10436338850488666, -2.5258494392026325, -0.3286986323304111, -0.5095254815759698, 0.10407660999837186, -2.5258494392026325, -0.3286986323304111, -0.5095254815759698, 0.10387320382870611, -2.5258494392026325, -0.3286986323304111, -0.5095254815759698, 0.10349636876113996
-2.0, -0.5, -0.5, 0.1
-2.0, -0.5, -0.5, 0.1, -2.0, -0.5, -0.5, 0.0041910815830722755, -2.0, -0.5, -0.5, 0.0030758363639761836
-2.0, -0.5, -0.5, 0.1, -1.9348720400015489, -0.5491560910438995, -0.5212829751954824, 0.29217288624437776, -1.9348720400015489, -0.5491560910438995, -0.5212829751954824, 0.2921023920544688, -1.9348720400015489, -0.5491560910438995, -0.5212829751954824, 0.2917452065748103, -1.9348720400015489, -0.5491560910438995, -0.5212829751954824, 0.2911460204076951, -1.9348720400015489, -0.5491560910438995, -0.5212829751954824, 0.2902959169725688, -1.9348720400015489, -0.5491560910438995, -0.5212829751954824, 0.2891897495333023, -1.9348720400015489, -0.5491560910438995, -0.5212829751954824, 0.28784131680797775, -1.9348720400015489, -0.5491560910438995, -0.5212829751954824, 0.2862750415736392, -1.9348720400015489, -0.5491560910438995, -0.5212829751954824, 0.2845137998892797, -1.9348720400015489, -0.5491560910438995, -0.5212829751954824, 0.2825769382276529, -1.9348720400015489, -0.5491560910438995, -0.5212829751954824, 0.2804809807404911, -1.9348720400015489, -0.5491560910438995, -0.5212829751954824, 0.27824043961489164, -1.9348720400015489, -0.5491560910438995, -0.5212829751954824, 0.27586837939859576, -1.9348720400015489, -0.5491560910438995, -0.5212829751954824, 0.27337677341015165, -1.9364621456974354, -0.547955940135469, -0.5207633492148048, 0.5518492975939917, -1.9364621456974354, -0.547955940135469, -0.5207633492148048, 0.549862403792197, -1.9364621456974354, -0.547955940135469, -0.5207633492148048, 0.548244974949084, -1.9364621456974354, -0.547955940135469, -0.5207633492148048, 0.5471128543517306, -1.9364621456974354, -0.547955940135469, -0.5207633492148048, 0.5461100227038966, -1.9364621456974354, -0.547955940135469, -0.5207633492148048, 0.54498091511868, -1.9364621456974354, -0.547955940135469, -0.5207633492148048, 0.5436092428655306, -1.828098847732279, -0.4848118347728718, -0.5245187257548927, 0.27126656549753264, -1.828098847732279, -0.4848118347728718, -0.5245187257548927, 0.26991627430386844, -1.828098847732279, -0.4848118347728718, -0.5245187257548927, 0.2688022481509758, -1.828098847732279, -0.4848118347728718, -0.5245187257548927, 0.2679609865609341, -1.828098847732279, -0.4848118347728718, -0.5245187257548927, 0.26721777433141886, -1.828098847732279, -0.4848118347728718, -0.5245187257548927, 0.2664343029911908, -1.828098847732279, -0.4848118347728718, -0.5245187257548927, 0.26552942750868097, -1.828098847732279, -0.4848118347728718, -0.5245187257548927, 0.2644620366612266, -1.828098847732279, -0.4848118347728718, -0.5245187257548927, 0.2632154327195962, -1.828098847732279, -0.4848118347728718, -0.5245187257548927, 0.26178699250829623, -1.828098847732279, -0.4848118347728718, -0.5245187257548927, 0.26018192648916677, -1.828098847732279, -0.4848118347728718, -0.5245187257548927, 0.2584096119860849, -1.828098847732279, -0.4848118347728718, -0.5245187257548927, 0.25648146503561, -1.828098847732279, -0.4848118347728718, -0.5245187257548927, 0.25440971585706806, -1.828098847732279, -0.4848118347728718, -0.5245187257548927, 0.25220671146745993, -1.828098847732279, -0.4848118347728718, -0.5245187257548927, 0.2498845236709669, -1.828098847732279, -0.4848118347728718, -0.5245187257548927, 0.24745473536604246, -1.8572324256031432, -0.5017881888079694, -0.5235090891258907, 0.5169035791085139, -1.8410423735706691, -0.4778921886336354, -0.4728686445659218, 0.5198925976767588, -1.8410423735706691, -0.4778921886336354, -0.4728686445659218, 0.5191424504379152, -1.8410423735706691, -0.4778921886336354, -0.4728686445659218, 0.5182211832812128, -1.8410423735706691, -0.4778921886336354, -0.4728686445659218, 0.5168515126183286, -1.8410423735706691, -0.4778921886336354, -0.4728686445659218, 0.5150363949425226, -1.8410423735706691, -0.4778921886336354, -0.4728686445659218, 0.5128273569091482, -1.8410423735706691, -0.4778921886336354, -0.4728686445659218, 0.5102573751125601, -1.8366490191953786, -0.4825682484978434, -0.4986398285388127, 0.36901501102617196, -1.8366490191953786, -0.4825682484978434, -0.4986398285388127, 0.36902921399845445, -1.7544394793931233, -0.5272893314713563, -0.5182166768540636, 0.40805097399569706, -1.7544394793931233, -0.5272893314713563, -0.5182166768540636, 0.4057209203225822, -1.7544394793931233, -0.5272893314713563, -0.5182166768540636, 0.40329884992763676, -1.7544394793931233, -0.5272893314713563, -0.5182166768540636, 0.40114696526753785, -1.7544394793931233, -0.5272893314713563, -0.5182166768540636, 0.39884174492036245, -1.7544394793931233, -0.5272893314713563, -0.5182166768540636, 0.39640221414216953, -1.7544394793931233, -0.5272893314713563, -0.5182166768540636, 0.3937772925939259, -1.7544394793931233, -0.5272893314713563, -0.5182166768540636, 0.390879118306476, -1.7544394793931233, -0.5272893314713563, -0.5182166768540636, 0.38771450636425037, -1.7544394793931233, -0.5272893314713563, -0.5182166768540636, 0.3842949001608634, -1.8027163956083434, -0.5018719020894213, -0.49835537285555886, 0.4263730392768453, -1.8412562002046349, -0.49698814782552936, -0.4944309981352768, 0.42651859899923134, -1.8412562002046349, -0.49698814782552936, -0.4944309981352768, 0.4249788151240179, -1.8412562002046349, -0.49698814782552936, -0.4944309981352768, 0.4242691448679343, -1.8412562002046349, -0.49698814782552936, -0.4944309981352768, 0.42407519292293994, -1.8412562002046349, -0.49698814782552936, -0.4944309981352768, 0.4239045822111024, -1.8188437638720123, -0.5003170596728621, -0.474948911237954, 0.4235671306713257, -1.8188437638720123, -0.5003170596728621, -0.474948911237954, 0.4235354587585444, -1.8188437638720123, -0.5003170596728621, -0.474948911237954, 0.42319644571030823, -1.8188437638720123, -0.5003170596728621, -0.474948911237954, 0.4224130511204222, -1.8188437638720123, -0.5003170596728621, -0.474948911237954, 0.4212098483866278, -1.8188437638720123, -0.5003170596728621, -0.474948911237954, 0.419631129851514, -1.8188437638720123, -0.5003170596728621, -0.474948911237954, 0.4177144328216836, -1.8188437638720123, -0.5003170596728621, -0.474948911237954, 0.41548901701982327, -1.8188437638720123, -0.5003170596728621, -0.474948911237954, 0.4129785643954196, -1.8188437638720123, -0.5003170596728621, -0.474948911237954, 0.41020345218707527, -1.9123481813670895, -0.45193492125480744, -0.48304772093750903, 0.29461811186131603, -1.7968629009823645, -0.4925734085190511, -0.5219074441711649, 0.30239823281578865, -1.7385925353529754, -0.48822029775938747, -0.5346298073489458, 0.302236375096988, -1.7385925353529754, -0.48822029775938747, -0.5346298073489458, 0.3022114005476888, -1.7385925353529754, -0.48822029775938747, -0.5346298073489458, 0.3013866013674582, -1.7385925353529754, -0.48822029775938747, -0.5346298073489458, 0.2998120962180258, -1.7385925353529754, -0.48822029775938747, -0.5346298073489458, 0.2976732446570798, -1.7385925353529754, -0.48822029775938747, -0.5346298073489458, 0.2951294684939726, -1.7385925353529754, -0.48822029775938747, -0.5346298073489458, 0.2922929937692268, -1.8701394606846504, -0.4711380929144054, -0.5456685966275364, 0.30967921148826844, -1.8701394606846504, -0.4711380929144054, -0.5456685966275364, 0.30700054743611843, -1.8701394606846504, -0.4711380929144054, -0.5456685966275364, 0.3049361147780888, -1.8701394606846504, -0.4711380929144054, -0.5456685966275364, 0.30322941388890795, -1.8701394606846504, -0.4711380929144054, -0.5456685966275364, 0.30192852144312426, -1.8701394606846504, -0.4711380929144054, -0.5456685966275364, 0.30081146151528004, -1.8701394606846504, -0.4711380929144054, -0.5456685966275364, 0.29969180103943277, -1.8701394606846504, -0.4711380929144054, -0.5456685966275364, 0.2984593384318549, -1.8701394606846504, -0.4711380929144054, -0.5456685966275364, 0.29710782206952846, -1.8701394606846504, -0.4711380929144054, -0.5456685966275364, 0.29576666299511084, -1.8701394606846504, -0.4711380929144054, -0.5456685966275364, 0.29406124591133465, -1.8701394606846504, -0.4711380929144054, -0.5456685966275364, 0.29199095552115206, -1.8701394606846504, -0.4711380929144054, -0.5456685966275364, 0.28976260325977193, -1.8701394606846504, -0.4711380929144054, -0.5456685966275364, 0.2874176613318084, -1.8701394606846504, -0.4711380929144054, -0.5456685966275364, 0.28495118540086856, -1.8701394606846504, -0.4711380929144054, -0.5456685966275364, 0.28235939888944134, -1.8701394606846504, -0.4711380929144054, -0.5456685966275364, 0.27964542779777746, -1.8701394606846504, -0.4711380929144054, -0.5456685966275364, 0.27681716573556064, -1.7107572193688885, -0.430259793756062, -0.5697973702497441, 0.37146908301278647, -1.7107572193688885, -0.430259793756062, -0.5697973702497441, 0.3706338749124524, -1.7107572193688885, -0.430259793756062, -0.5697973702497441, 0.3698661973906012, -1.7107572193688885, -0.430259793756062, -0.5697973702497441, 0.3685818420180982, -1.7107572193688885, -0.430259793756062, -0.5697973702497441, 0.36701527139821444, -1.7107572193688885, -0.430259793756062, -0.5697973702497441, 0.36489607327946816, -1.7107572193688885, -0.430259793756062, -0.5697973702497441, 0.3627604724379593, -1.7107572193688885, -0.430259793756062, -0.5697973702497441, 0.35972550286703103, -1.7107572193688885, -0.430259793756062, -0.5697973702497441, 0.35661878543718484, -1.7107572193688885, -0.430259793756062, -0.5697973702497441, 0.35340387435492077, -1.7107572193688885, -0.430259793756062, -0.5697973702497441, 0.3501261862971084, -1.7107572193688885, -0.430259793756062, -0.5697973702497441, 0.34667215795635925, -1.7107572193688885, -0.430259793756062, -0.5697973702497441, 0.3430335135742356, -1.7107572193688885, -0.430259793756062, -0.5697973702497441, 0.3388719442851067, -1.7510719792471552, -0.4405997086750372, -0.5636941450302595, 0.35617571123384206, -1.785123387933439, -0.3959165298728903, -0.6187128439021552, 0.3905465308750962, -1.785123387933439, -0.3959165298728903, -0.6187128439021552, 0.38854593396911724, -1.785123387933439, -0.3959165298728903, -0.6187128439021552, 0.3862758578671936, -1.785123387933439, -0.3959165298728903, -0.6187128439021552, 0.3840417176741156, -1.785123387933439, -0.3959165298728903, -0.6187128439021552, 0.3817061115639198, -1.785123387933439, -0.3959165298728903, -0.6187128439021552, 0.3791545914284793, -1.785123387933439, -0.3959165298728903, -0.6187128439021552, 0.3763263006633978, -1.785123387933439, -0.3959165298728903, -0.6187128439021552, 0.37320140570475935, -1.785123387933439, -0.3959165298728903, -0.6187128439021552, 0.36978473801999184, -1.785123387933439, -0.3959165298728903, -0.6187128439021552, 0.36609443882423065, -1.785123387933439, -0.3959165298728903, -0.6187128439021552, 0.3621551071984939, -1.785123387933439, -0.3959165298728903, -0.6187128439021552, 0.35799392700302174, -1.785123387933439, -0.3959165298728903, -0.6187128439021552, 0.3536385338023823, -1.785123387933439, -0.3959165298728903, -0.6187128439021552, 0.34940524582684496
-2.0, -0.5, -0.5, 0.1
-2.0, -0.5, -0.5, 0.1, -2.0, -0.5, -0.5, 0.24375596882415906, -2.1764841175338594, -0.49888248704883986, -0.5795401412995835, 0.4809263069690278
-2.0, -0.5, -0.5, 0.1, -2.0, -0.5, -0.5, 0.48146514468625773, -2.0, -0.5, -0.5, 0.4816745286955278, -2.0, -0.5, -0.5, 0.4809467041770248, -2.0, -0.5, -0.5, 0.4809956891875905, -2.2156604695979545, -0.49188381951540006, -0.5080380615994479, 0.5090854766341398, -2.0936168304122256, -0.507274002795369, -0.5029890977168605, 0.5165264351595473, -2.0942245970525373, -0.47249231801123764, -0.46475415487937843, 0.36902701061470405, -1.9780075070400371, -0.5033422259835818, -0.4873122523715719, 0.2804908171681356, -1.9057398951626898, -0.5224328687791396, -0.44989376366801337, 0.35616576903621355
-2.0, -0.5, -0.5, 0.1
-2.0, -0.5, -0.5, 0.1, -2.0523626704253277, -0.5217252499190682, -0.4995309843830199, 0.5338644231813406, -2.0523626704253277, -0.5217252499190682, -0.4995309843830199, 0.46147744188558565, -2.0523626704253277, -0.5217252499190682, -0.4995309843830199, 0.37010747960117757, -2.0523626704253277, -0.5217252499190682, -0.4995309843830199, 0.3339228018110533, -2.069872186895637, -0.5232767057545029, -0.5088978231408112, 0.9767935499848556, -2.069872186895637, -0.5232767057545029, -0.5088978231408112, 0.752845343463198, -2.069872186895637, -0.5232767057545029, -0.5088978231408112, 0.5427421706169356, -2.0366946077687227, -0.5347527033868841, -0.4845157616296855, 0.22533986335367467, -2.0366946077687227, -0.5347527033868841, -0.4845157616296855, 0.20981045305588833, -2.1072481188348218, -0.5091499297894524, -0.5002276532313528, 0.35525891662120956, -2.1072481188348218, -0.5091499297894524, -0.5002276532313528, 0.30888776011569397, -2.03721348672849, -0.5385998056721057, -0.4977374338003162, 0.8331374300154711, -2.03721348672849, -0.5385998056721057, -0.4977374338003162, 0.6350530617237063, -2.03721348672849, -0.5385998056721057, -0.4977374338003162, 0.5002165925475894, -2.096333024157116, -0.5421067117996522, -0.5180850318810182, 0.6126329849459997, -2.096333024157116, -0.5421067117996522, -0.5180850318810182, 0.47331581079123264, -2.096333024157116, -0.5421067117996522, -0.5180850318810182, 0.4079859612375389, -2.0639786705155387, -0.5263547432223347, -0.49911719932218895, 0.4018750949378664, -2.0639786705155387, -0.5263547432223347, -0.49911719932218895, 0.300382669793166, -2.0155383738457058, -0.5530370766800847, -0.49828070659930496, 0.2709689239073157, -2.0155383738457058, -0.5530370766800847, -0.49828070659930496, 0.2278567603388773, -2.0155383738457058, -0.5530370766800847, -0.49828070659930496, 0.22380953530229888, -2.151323729167051, -0.4870665600424774, -0.5011064854777343, 0.4520392556748654, -2.151323729167051, -0.4870665600424774, -0.5011064854777343, 0.3404784983437742
-2.0, -0.5, -0.5, 0.1, -2.0, -0.5, -0.5, 0.2503893238075527, -2.0, -0.5, -0.5, 0.18124443037542504, -2.0, -0.5, -0.5, 0.12864914867497987, -2.0, -0.5, -0.5, 0.09538998415067078, -2.0, -0.5, -0.5, 0.3744830588598231, -2.0, -0.5, -0.5, 0.2524662547932544, -2.0, -0.5, -0.5, 0.1783761577029759, -2.0, -0.5, -0.5, 0.14920687243105057, -2.0, -0.5, -0.5, 0.15908168891591115, -2.0, -0.5, -0.5, 0.11583770281126904, -2.0, -0.5, -0.5, 0.08257699370617452, -2.0, -0.5, -0.5, 0.07980375148142091, -2.0, -0.5, -0.5, 0.20276866517043812, -2.0, -0.5, -0.5, 0.12483147862416785, -2.0, -0.5, -0.5, 0.0722585618521846, -2.0, -0.5, -0.5, 0.06818074633361759, -1.9999999999999996, -0.4999999999999999, -0.4999999999999999, 0.3586524056180699, -1.9999999999999996, -0.4999999999999999, -0.4999999999999999, 0.24740131702511745, -1.9999999999999996, -0.4999999999999999, -0.4999999999999999, 0.1762276385255667, -1.9999999999999996, -0.4999999999999999, -0.4999999999999999, 0.14806957185126673, -1.9999999999999996, -0.4999999999999999, -0.4999999999999999, 0.14646461604803007, -1.9999999999999996, -0.4999999999999999, -0.4999999999999999, 0.29184267780773104, -1.9999999999999996, -0.4999999999999999, -0.4999999999999999, 0.19976964855822782, -1.9999999999999996, -0.4999999999999999, -0.4999999999999999, 0.13769129586259274, -1.9999999999999996, -0.4999999999999999, -0.4999999999999999, 0.10604014073073324, -1.9999999999999996, -0.4999999999999999, -0.4999999999999999, 0.2093095593964695, -1.9999999999999996, -0.4999999999999999, -0.4999999999999999, 0.1394904267430922, -1.9999999999999996, -0.4999999999999999, -0.4999999999999999, 0.0922602265016474, -1.9999999999999996, -0.4999999999999999, -0.4999999999999999, 0.07805280726182193, -2.0000000000000004, -0.5000000000000001, -0.5000000000000001, 0.18455777293911796, -2.0000000000000004, -0.5000000000000001, -0.5000000000000001, 0.1488408873672032, -2.0000000000000004, -0.5000000000000001, -0.5000000000000001, 0.11825652269955422, -2.0000000000000004, -0.5000000000000001, -0.5000000000000001, 0.09169657951012991, -1.9999999999999998, -0.49999999999999994, -0.49999999999999994, 0.23511725071127743, -1.9999999999999998, -0.49999999999999994, -0.49999999999999994, 0.16124951018717704, -1.9999999999999998, -0.49999999999999994, -0.49999999999999994, 0.11312330800221757, -1.9999999999999998, -0.49999999999999994, -0.49999999999999994, 0.08586982119112971
-2.0, -0.5, -0.5, 0.1
-2.0, -0.5, -0.5, 0.1, -2.0, -0.5, -0.5, 0.005976522271385461, -2.0385880748591063, -0.4671989998752261, -0.46350775800941324, 0.2683964293569419
-2.0, -0.5, -0.5, 0.1
-2.0, -0.5, -0.5, 0.1
-2.0, -0.5, -0.5, 0.1
-2.0, -0.5, -0.5, 0.1
-2.0, -0.5, -0.5, 0.1
