-2.0, -0.5, -0.5, 0.1
-2.0, -0.5, -0.5, 0.1
-2.0, -0.5, -0.5, 0.1
-2.0, -0.5, -0.5, 0.1
-2.0, -0.5, -0.5, 0.1
-2.0, -0.5, -0.5, 0.1
-2.0, -0.5, -0.5, 0.1
-2.0, -0.5, -0.5, 0.1
-2.0, -0.5, -0.5, 0.1
-2.0, -0.5, -0.5, 0.1
-2.0, -0.5, -0.5, 0.1, -2.0, -0.5, -0.5, 0.07349606009415849, -2.0, -0.5, -0.5, 0.06556023881275849, -2.183494997003911, -0.546341460124469, -0.49378725791055994, 0.1072699968207558, -2.183494997003911, -0.546341460124469, -0.49378725791055994, 0.10578895626898525, -2.1538338904911156, -0.5720821953814212, -0.5188265456246164, 0.12223127528234963, -2.0022072502605286, -0.54122022698312, -0.5117380831303733, 0.12305579896479331, -1.9949671263463578, -0.5392729109271461, -0.48918680104900036, 0.1269074792061302, -1.9949671263463578, -0.5392729109271461, -0.48918680104900036, 0.12314089807776533, -1.9949671263463578, -0.5392729109271461, -0.48918680104900036, 0.12007122440831489, -1.9949671263463578, -0.5392729109271461, -0.48918680104900036, 0.11789275566913616, -1.9949671263463578, -0.5392729109271461, -0.48918680104900036, 0.11631105997909448, -1.9949671263463578, -0.5392729109271461, -0.48918680104900036, 0.11507837211201595, -1.9949671263463578, -0.5392729109271461, -0.48918680104900036, 0.11403703302149215, -1.9949671263463578, -0.5392729109271461, -0.48918680104900036, 0.1130924695503558, -1.9949671263463578, -0.5392729109271461, -0.48918680104900036, 0.11218888823874566, -2.045003229658244, -0.5725233104003359, -0.5117605636831267, 0.3255771585049671, -2.045003229658244, -0.5725233104003359, -0.5117605636831267, 0.31688876309151065, -2.045003229658244, -0.5725233104003359, -0.5117605636831267, 0.310615421988075, -2.045003229658244, -0.5725233104003359, -0.5117605636831267, 0.30661143642528943, -2.045003229658244, -0.5725233104003359, -0.5117605636831267, 0.3040177174683768, -2.045003229658244, -0.5725233104003359, -0.5117605636831267, 0.30220373773746934, -2.045003229658244, -0.5725233104003359, -0.5117605636831267, 0.3007818712517182, -2.045003229658244, -0.5725233104003359, -0.5117605636831267, 0.29952126156247416, -2.045003229658244, -0.5725233104003359, -0.5117605636831267, 0.2982859191158232, -2.045003229658244, -0.5725233104003359, -0.5117605636831267, 0.29699686080341353, -2.045003229658244, -0.5725233104003359, -0.5117605636831267, 0.2956095816292658, -2.045003229658244, -0.5725233104003359, -0.5117605636831267, 0.29410054144262854, -2.045003229658244, -0.5725233104003359, -0.5117605636831267, 0.29245900210065595, -2.045003229658244, -0.5725233104003359, -0.5117605636831267, 0.29068201244820074, -2.045003229658244, -0.5725233104003359, -0.5117605636831267, 0.2887713176212202, -2.045003229658244, -0.5725233104003359, -0.5117605636831267, 0.2867314478747662, -2.0406842402754117, -0.5696532203494681, -0.5098120538133702, 0.05696305658678609, -2.0406842402754117, -0.5696532203494681, -0.5098120538133702, 0.041187638818817346, -2.0406842402754117, -0.5696532203494681, -0.5098120538133702, 0.029338865769277536, -2.0406842402754117, -0.5696532203494681, -0.5098120538133702, 0.021670477216106734, -2.0406842402754117, -0.5696532203494681, -0.5098120538133702, 0.016486673063123146, -2.0406842402754117, -0.5696532203494681, -0.5098120538133702, 0.013222302321113894, -2.0406842402754117, -0.5696532203494681, -0.5098120538133702, 0.010948687935691988, -2.0406842402754117, -0.5696532203494681, -0.5098120538133702, 0.009563765584294346, -2.0406842402754117, -0.5696532203494681, -0.5098120538133702, 0.008843246678868134, -2.0406842402754117, -0.5696532203494681, -0.5098120538133702, 0.008405448254384365, -2.0406842402754117, -0.5696532203494681, -0.5098120538133702, 0.008219068241180098, -2.0406842402754117, -0.5696532203494681, -0.5098120538133702, 0.008154354178611585, -2.0406842402754117, -0.5696532203494681, -0.5098120538133702, 0.008144380168888254, -2.0406842402754117, -0.5696532203494681, -0.5098120538133702, 0.008126497182608515, -2.1877673167300626, -0.5549382416549125, -0.5253942172361743, 0.008170090074588184, -2.1877673167300626, -0.5549382416549125, -0.5253942172361743, 0.007129444885053773, -2.1877673167300626, -0.5549382416549125, -0.5253942172361743, 0.006519252223123871, -2.1877673167300626, -0.5549382416549125, -0.5253942172361743, 0.006111210573454869, -2.1877673167300626, -0.5549382416549125, -0.5253942172361743, 0.005901643194293102, -2.1877673167300626, -0.5549382416549125, -0.5253942172361743, 0.0058239101906770105, -2.1877673167300626, -0.5549382416549125, -0.5253942172361743, 0.0057605349293957, -2.1877673167300626, -0.5549382416549125, -0.5253942172361743, 0.00572469675421092, -2.1877673167300626, -0.5549382416549125, -0.5253942172361743, 0.0056796616825565225, -2.1877673167300626, -0.5549382416549125, -0.5253942172361743, 0.005640034552104502, -2.1877673167300626, -0.5549382416549125, -0.5253942172361743, 0.005616559187862656, -2.1877673167300626, -0.5549382416549125, -0.5253942172361743, 0.005602007074188973, -2.1877673167300626, -0.5549382416549125, -0.5253942172361743, 0.005590134930754214, -2.1877673167300626, -0.5549382416549125, -0.5253942172361743, 0.005577368163821473, -2.1877673167300626, -0.5549382416549125, -0.5253942172361743, 0.005561935865511811, -2.1877673167300626, -0.5549382416549125, -0.5253942172361743, 0.005543091695127198, -2.1877673167300626, -0.5549382416549125, -0.5253942172361743, 0.005520630940106932, -2.1877673167300626, -0.5549382416549125, -0.5253942172361743, 0.005494618140660044, -2.1877673167300626, -0.5549382416549125, -0.5253942172361743, 0.005465240560510993, -2.1877673167300626, -0.5549382416549125, -0.5253942172361743, 0.005432731757599695, -2.1877673167300626, -0.5549382416549125, -0.5253942172361743, 0.00539733426431204, -2.1877673167300626, -0.5549382416549125, -0.5253942172361743, 0.005359282069525204
-2.0, -0.5, -0.5, 0.1
-2.0, -0.5, -0.5, 0.1, -2.0, -0.5, -0.5, 0.0041910815830722755
-2.0, -0.5, -0.5, 0.1
-2.0, -0.5, -0.5, 0.1
-2.0, -0.5, -0.5, 0.1
-2.0, -0.5, -0.5, 0.1
-2.0, -0.5, -0.5, 0.1
-2.0, -0.5, -0.5, 0.1, -2.0523626704253277, -0.5217252499190682, -0.4995309843830199, 0.5338644231813406, -2.0523626704253277, -0.5217252499190682, -0.4995309843830199, 0.46147744188558565, -2.0523626704253277, -0.5217252499190682, -0.4995309843830199, 0.37010747960117757, -2.0523626704253277, -0.5217252499190682, -0.4995309843830199, 0.3339228018110533, -2.069872186895637, -0.5232767057545029, -0.5088978231408112, 0.9767935499848556, -2.069872186895637, -0.5232767057545029, -0.5088978231408112, 0.752845343463198, -2.069872186895637, -0.5232767057545029, -0.5088978231408112, 0.5427421706169356, -2.0366946077687227, -0.5347527033868841, -0.4845157616296855, 0.22533986335367467, -2.0366946077687227, -0.5347527033868841, -0.4845157616296855, 0.20981045305588833
-2.0, -0.5, -0.5, 0.1, -2.0, -0.5, -0.5, 0.2503893238075527, -2.0, -0.5, -0.5, 0.18124443037542504, -2.0, -0.5, -0.5, 0.12864914867497987, -2.0, -0.5, -0.5, 0.09538998415067078, -2.0, -0.5, -0.5, 0.3744830588598231, -2.0, -0.5, -0.5, 0.2524662547932544, -2.0, -0.5, -0.5, 0.1783761577029759, -2.0, -0.5, -0.5, 0.14920687243105057, -2.0, -0.5, -0.5, 0.15908168891591115, -2.0, -0.5, -0.5, 0.11583770281126904, -2.0, -0.5, -0.5, 0.08257699370617452, -2.0, -0.5, -0.5, 0.07980375148142091
-2.0, -0.5, -0.5, 0.1
-2.0, -0.5, -0.5, 0.1, -2.0, -0.5, -0.5, 0.005976522271385461, -2.0385880748591063, -0.4671989998752261, -0.46350775800941324, 0.2683964293569419
-2.0, -0.5, -0.5, 0.1
-2.0, -0.5, -0.5, 0.1
-2.0, -0.5, -0.5, 0.1
-2.0, -0.5, -0.5, 0.1
-2.0, -0.5, -0.5, 0.1
