-2.0, -0.5, -0.5, 0.1
-2.0, -0.5, -0.5, 0.1
-2.0, -0.5, -0.5, 0.1
-2.0, -0.5, -0.5, 0.1
-2.0, -0.5, -0.5, 0.1
-2.0, -0.5, -0.5, 0.1
-2.0, -0.5, -0.5, 0.1
-2.0, -0.5, -0.5, 0.1
-2.0, -0.5, -0.5, 0.1
-2.0, -0.5, -0.5, 0.1
-2.0, -0.5, -0.5, 0.1, -2.0, -0.5, -0.5, 0.07349606009415849, -2.0, -0.5, -0.5, 0.06556023881275849, -2.183494997003911, -0.546341460124469, -0.49378725791055994, 0.1072699968207558, -2.183494997003911, -0.546341460124469, -0.49378725791055994, 0.10578895626898525, -2.1538338904911156, -0.5720821953814212, -0.5188265456246164, 0.12223127528234963, -2.0022072502605286, -0.54122022698312, -0.5117380831303733, 0.12305579896479331, -1.9949671263463578, -0.5392729109271461, -0.48918680104900036, 0.1269074792061302, -1.9949671263463578, -0.5392729109271461, -0.48918680104900036, 0.12314089807776533, -1.9949671263463578, -0.5392729109271461, -0.48918680104900036, 0.12007122440831489, -1.9949671263463578, -0.5392729109271461, -0.48918680104900036, 0.11789275566913616, -1.9949671263463578, -0.5392729109271461, -0.48918680104900036, 0.11631105997909448, -1.9949671263463578, -0.5392729109271461, -0.48918680104900036, 0.11507837211201595, -1.9949671263463578, -0.5392729109271461, -0.48918680104900036, 0.11403703302149215, -1.9949671263463578, -0.5392729109271461, -0.48918680104900036, 0.1130924695503558, -1.9949671263463578, -0.5392729109271461, -0.48918680104900036, 0.11218888823874566, -2.045003229658244, -0.5725233104003359, -0.5117605636831267, 0.3255771585049671, -2.045003229658244, -0.5725233104003359, -0.5117605636831267, 0.31688876309151065, -2.045003229658244, -0.5725233104003359, -0.5117605636831267, 0.310615421988075, -2.045003229658244, -0.5725233104003359, -0.5117605636831267, 0.30661143642528943, -2.045003229658244, -0.5725233104003359, -0.5117605636831267, 0.3040177174683768, -2.045003229658244, -0.5725233104003359, -0.5117605636831267, 0.30220373773746934, -2.045003229658244, -0.5725233104003359, -0.5117605636831267, 0.3007818712517182, -2.045003229658244, -0.5725233104003359, -0.5117605636831267, 0.29952126156247416, -2.045003229658244, -0.5725233104003359, -0.5117605636831267, 0.2982859191158232, -2.045003229658244, -0.5725233104003359, -0.5117605636831267, 0.29699686080341353, -2.045003229658244, -0.5725233104003359, -0.5117605636831267, 0.2956095816292658, -2.045003229658244, -0.5725233104003359, -0.5117605636831267, 0.29410054144262854, -2.045003229658244, -0.5725233104003359, -0.5117605636831267, 0.29245900210065595, -2.045003229658244, -0.5725233104003359, -0.5117605636831267, 0.29068201244820074, -2.045003229658244, -0.5725233104003359, -0.5117605636831267, 0.2887713176212202, -2.045003229658244, -0.5725233104003359, -0.5117605636831267, 0.2867314478747662
-2.0, -0.5, -0.5, 0.1
-2.0, -0.5, -0.5, 0.1, -2.0, -0.5, -0.5, 0.0041910815830722755
-2.0, -0.5, -0.5, 0.1
-2.0, -0.5, -0.5, 0.1
-2.0, -0.5, -0.5, 0.1
-2.0, -0.5, -0.5, 0.1
-2.0, -0.5, -0.5, 0.1
-2.0, -0.5, -0.5, 0.1, -2.0523626704253277, -0.5217252499190682, -0.4995309843830199, 0.5338644231813406, -2.0523626704253277, -0.5217252499190682, -0.4995309843830199, 0.46147744188558565, -2.0523626704253277, -0.5217252499190682, -0.4995309843830199, 0.37010747960117757, -2.0523626704253277, -0.5217252499190682, -0.4995309843830199, 0.3339228018110533, -2.069872186895637, -0.5232767057545029, -0.5088978231408112, 0.9767935499848556, -2.069872186895637, -0.5232767057545029, -0.5088978231408112, 0.752845343463198, -2.069872186895637, -0.5232767057545029, -0.5088978231408112, 0.5427421706169356
-2.0, -0.5, -0.5, 0.1, -2.0, -0.5, -0.5, 0.2503893238075527, -2.0, -0.5, -0.5, 0.18124443037542504, -2.0, -0.5, -0.5, 0.12864914867497987, -2.0, -0.5, -0.5, 0.09538998415067078, -2.0, -0.5, -0.5, 0.3744830588598231, -2.0, -0.5, -0.5, 0.2524662547932544, -2.0, -0.5, -0.5, 0.1783761577029759, -2.0, -0.5, -0.5, 0.14920687243105057
-2.0, -0.5, -0.5, 0.1
-2.0, -0.5, -0.5, 0.1, -2.0, -0.5, -0.5, 0.005976522271385461
-2.0, -0.5, -0.5, 0.1
-2.0, -0.5, -0.5, 0.1
-2.0, -0.5, -0.5, 0.1
-2.0, -0.5, -0.5, 0.1
-2.0, -0.5, -0.5, 0.1
