-2.0, -0.5, -0.5, 0.1
-2.0, -0.5, -0.5, 0.1
-2.0, -0.5, -0.5, 0.1
-2.0, -0.5, -0.5, 0.1
-2.0, -0.5, -0.5, 0.1
-2.0, -0.5, -0.5, 0.1
-2.0, -0.5, -0.5, 0.1
-2.0, -0.5, -0.5, 0.1, -2.0, -0.5, -0.5, 0.3022311500141859, -2.0, -0.5, -0.5, 0.23775984328058472, -2.0, -0.5, -0.5, 0.18485630646984477, -2.0, -0.5, -0.5, 0.14710655718199503, -2.0, -0.5, -0.5, 0.12741812150080176
-2.0, -0.5, -0.5, 0.1, -1.9980591118079158, -0.5079603477584014, -0.4791361872950453, 0.5079193467509482, -1.9980591118079158, -0.5079603477584014, -0.4791361872950453, 0.4635784672910604, -1.9980591118079158, -0.5079603477584014, -0.4791361872950453, 0.39975722865039065, -1.9980591118079158, -0.5079603477584014, -0.4791361872950453, 0.3721093084538573
-2.0, -0.5, -0.5, 0.1
-2.0, -0.5, -0.5, 0.1, -2.0, -0.5, -0.5, 0.05622576953331915, -2.0, -0.5, -0.5, 0.04703580097868726, -2.0449238672006165, -0.5372725937704308, -0.51779680427677, 0.08883326903924196, -2.0449238672006165, -0.5372725937704308, -0.51779680427677, 0.08841646869378829, -2.0449238672006165, -0.5372725937704308, -0.51779680427677, 0.08820312346680376, -2.0449238672006165, -0.5372725937704308, -0.51779680427677, 0.08816916174917197
-2.0, -0.5, -0.5, 0.1
-2.0, -0.5, -0.5, 0.1
-2.0, -0.5, -0.5, 0.1, -2.0, -0.5, -0.5, 0.2162756744311462, -2.0, -0.5, -0.5, 0.21569530375035903, -2.0, -0.5, -0.5, 0.2149737705838249, -2.0, -0.5, -0.5, 0.2141271489909162, -2.0, -0.5, -0.5, 0.21316658341616385, -2.0, -0.5, -0.5, 0.21209901353494406, -2.0, -0.5, -0.5, 0.2109292212759418, -2.0, -0.5, -0.5, 0.08808349572952642, -2.0, -0.5, -0.5, 0.08800485672833493, -2.0, -0.5, -0.5, 0.087889886804296, -2.0, -0.5, -0.5, 0.08771810215504246, -2.0, -0.5, -0.5, 0.08748187417736929, -2.0, -0.5, -0.5, 0.08718035070210362, -2.0, -0.5, -0.5, 0.08681602157746385, -2.0, -0.5, -0.5, 0.08639284392657322, -2.0, -0.5, -0.5, 0.08591525498169912, -2.0, -0.5, -0.5, 0.08538768018108386, -2.0, -0.5, -0.5, 0.08481431124947697, -2.0, -0.5, -0.5, 0.08419902581093362, -1.9890957214961051, -0.5125371492940525, -0.4801906700770431, 0.004851674349451163, -1.9890957214961051, -0.5125371492940525, -0.4801906700770431, 0.0034972368401592698, -1.9537683211577952, -0.5555120846362475, -0.5142011703181906, 0.014558937135569454, -1.9537683211577952, -0.5555120846362475, -0.5142011703181906, 0.013904963136427534, -1.9537683211577952, -0.5555120846362475, -0.5142011703181906, 0.013381305873319408, -2.0760901559534575, -0.5310477389326024, -0.4487587936040522, 0.02781864073203095, -2.0760901559534575, -0.5310477389326024, -0.4487587936040522, 0.02766931142169133, -2.0760901559534575, -0.5310477389326024, -0.4487587936040522, 0.027575359876627126, -2.0760901559534575, -0.5310477389326024, -0.4487587936040522, 0.027513620838012728, -2.0760901559534575, -0.5310477389326024, -0.4487587936040522, 0.02746634694905533, -2.0760901559534575, -0.5310477389326024, -0.4487587936040522, 0.027421894972655694, -2.0760901559534575, -0.5310477389326024, -0.4487587936040522, 0.027373039146815433, -2.0760901559534575, -0.5310477389326024, -0.4487587936040522, 0.027315422505611767, -2.0760901559534575, -0.5310477389326024, -0.4487587936040522, 0.027246528375902475, -2.0760901559534575, -0.5310477389326024, -0.4487587936040522, 0.027165019252937905, -2.0760901559534575, -0.5310477389326024, -0.4487587936040522, 0.02707031342594999, -2.0760901559534575, -0.5310477389326024, -0.4487587936040522, 0.02696231155708907, -2.0760901559534575, -0.5310477389326024, -0.4487587936040522, 0.026841221608929947, -2.0760901559534575, -0.5310477389326024, -0.4487587936040522, 0.026707444175612823
-2.0, -0.5, -0.5, 0.1
-2.0, -0.5, -0.5, 0.1
-2.0, -0.5, -0.5, 0.1, -2.0, -0.5, -0.5, 0.12005261748347269, -1.9813742034503035, -0.4890272564317363, -0.4837888590592747, 0.2232448535913815, -2.1461522839241316, -0.489052056037703, -0.4879094461501322, 0.22237468075520922, -2.1461522839241316, -0.489052056037703, -0.4879094461501322, 0.22054773745630196, -2.1461522839241316, -0.489052056037703, -0.4879094461501322, 0.2193763784811719, -2.1461522839241316, -0.489052056037703, -0.4879094461501322, 0.21821836249605817, -2.1461522839241316, -0.489052056037703, -0.4879094461501322, 0.21729451648070286, -2.1461522839241316, -0.489052056037703, -0.4879094461501322, 0.21683688191612144, -2.1461522839241316, -0.489052056037703, -0.4879094461501322, 0.2167072144345229
-2.0, -0.5, -0.5, 0.1
-2.0, -0.5, -0.5, 0.1, -1.9334280704970404, -0.4795680003528262, -0.4929934356290984, 0.35120176381009544, -1.9334280704970404, -0.4795680003528262, -0.4929934356290984, 0.309016245007778
-2.0, -0.5, -0.5, 0.1, -2.0, -0.5, -0.5, 0.22363831568352013, -2.0, -0.5, -0.5, 0.1535156991945375, -2.0, -0.5, -0.5, 0.1021915747523371, -2.0, -0.5, -0.5, 0.07985775050179221
-2.0, -0.5, -0.5, 0.1
-2.0, -0.5, -0.5, 0.1
-2.0, -0.5, -0.5, 0.1
-2.0, -0.5, -0.5, 0.1
-2.0, -0.5, -0.5, 0.1
-2.0, -0.5, -0.5, 0.1
-2.0, -0.5, -0.5, 0.1
