-2.0, -0.5, -0.5, 0.1
-2.0, -0.5, -0.5, 0.1
-2.0, -0.5, -0.5, 0.1
-2.0, -0.5, -0.5, 0.1
-2.0, -0.5, -0.5, 0.1
-2.0, -0.5, -0.5, 0.1
-2.0, -0.5, -0.5, 0.1
-2.0, -0.5, -0.5, 0.1, -2.0, -0.5, -0.5, 0.3022311500141859, -2.0, -0.5, -0.5, 0.23775984328058472, -2.0, -0.5, -0.5, 0.18485630646984477, -2.0, -0.5, -0.5, 0.14710655718199503, -2.0, -0.5, -0.5, 0.12741812150080176
-2.0, -0.5, -0.5, 0.1, -1.9980591118079158, -0.5079603477584014, -0.4791361872950453, 0.5079193467509482, -1.9980591118079158, -0.5079603477584014, -0.4791361872950453, 0.4635784672910604, -1.9980591118079158, -0.5079603477584014, -0.4791361872950453, 0.39975722865039065, -1.9980591118079158, -0.5079603477584014, -0.4791361872950453, 0.3721093084538573
-2.0, -0.5, -0.5, 0.1
-2.0, -0.5, -0.5, 0.1, -2.0, -0.5, -0.5, 0.05622576953331915, -2.0, -0.5, -0.5, 0.04703580097868726, -2.0449238672006165, -0.5372725937704308, -0.51779680427677, 0.08883326903924196, -2.0449238672006165, -0.5372725937704308, -0.51779680427677, 0.08841646869378829, -2.0449238672006165, -0.5372725937704308, -0.51779680427677, 0.08820312346680376, -2.0449238672006165, -0.5372725937704308, -0.51779680427677, 0.08816916174917197
-2.0, -0.5, -0.5, 0.1
-2.0, -0.5, -0.5, 0.1
-2.0, -0.5, -0.5, 0.1, -2.0, -0.5, -0.5, 0.2162756744311462, -2.0, -0.5, -0.5, 0.21569530375035903, -2.0, -0.5, -0.5, 0.2149737705838249, -2.0, -0.5, -0.5, 0.2141271489909162, -2.0, -0.5, -0.5, 0.21316658341616385, -2.0, -0.5, -0.5, 0.21209901353494406, -2.0, -0.5, -0.5, 0.2109292212759418, -2.0, -0.5, -0.5, 0.08808349572952642, -2.0, -0.5, -0.5, 0.08800485672833493, -2.0, -0.5, -0.5, 0.087889886804296, -2.0, -0.5, -0.5, 0.08771810215504246, -2.0, -0.5, -0.5, 0.08748187417736929, -2.0, -0.5, -0.5, 0.08718035070210362, -2.0, -0.5, -0.5, 0.08681602157746385, -2.0, -0.5, -0.5, 0.08639284392657322, -2.0, -0.5, -0.5, 0.08591525498169912, -2.0, -0.5, -0.5, 0.08538768018108386, -2.0, -0.5, -0.5, 0.08481431124947697, -2.0, -0.5, -0.5, 0.08419902581093362
-2.0, -0.5, -0.5, 0.1
-2.0, -0.5, -0.5, 0.1
-2.0, -0.5, -0.5, 0.1, -2.0, -0.5, -0.5, 0.12005261748347269, -1.9813742034503035, -0.4890272564317363, -0.4837888590592747, 0.2232448535913815, -2.1461522839241316, -0.489052056037703, -0.4879094461501322, 0.22237468075520922, -2.1461522839241316, -0.489052056037703, -0.4879094461501322, 0.22054773745630196, -2.1461522839241316, -0.489052056037703, -0.4879094461501322, 0.2193763784811719, -2.1461522839241316, -0.489052056037703, -0.4879094461501322, 0.21821836249605817, -2.1461522839241316, -0.489052056037703, -0.4879094461501322, 0.21729451648070286, -2.1461522839241316, -0.489052056037703, -0.4879094461501322, 0.21683688191612144, -2.1461522839241316, -0.489052056037703, -0.4879094461501322, 0.2167072144345229
-2.0, -0.5, -0.5, 0.1
-2.0, -0.5, -0.5, 0.1, -1.9334280704970404, -0.4795680003528262, -0.4929934356290984, 0.35120176381009544, -1.9334280704970404, -0.4795680003528262, -0.4929934356290984, 0.309016245007778
-2.0, -0.5, -0.5, 0.1, -2.0, -0.5, -0.5, 0.22363831568352013, -2.0, -0.5, -0.5, 0.1535156991945375, -2.0, -0.5, -0.5, 0.1021915747523371, -2.0, -0.5, -0.5, 0.07985775050179221
-2.0, -0.5, -0.5, 0.1
-2.0, -0.5, -0.5, 0.1
-2.0, -0.5, -0.5, 0.1
-2.0, -0.5, -0.5, 0.1
-2.0, -0.5, -0.5, 0.1
-2.0, -0.5, -0.5, 0.1
-2.0, -0.5, -0.5, 0.1
