-2.0, -0.5, -0.5, 0.1
-2.0, -0.5, -0.5, 0.1
-2.0, -0.5, -0.5, 0.1
-2.0, -0.5, -0.5, 0.1, -1.9803670301082636, -0.47980562763193874, -0.5238880720042837, 0.0008275910690382429, -1.9803670301082636, -0.47980562763193874, -0.5238880720042837, 0.0008182502283159061
-2.0, -0.5, -0.5, 0.1
-2.0, -0.5, -0.5, 0.1
-2.0, -0.5, -0.5, 0.1
-2.0, -0.5, -0.5, 0.1, -2.0, -0.5, -0.5, 0.3022311500141859, -2.0, -0.5, -0.5, 0.23775984328058472, -2.0, -0.5, -0.5, 0.18485630646984477, -2.0, -0.5, -0.5, 0.14710655718199503, -2.0, -0.5, -0.5, 0.12741812150080176
-2.0, -0.5, -0.5, 0.1, -1.9980591118079158, -0.5079603477584014, -0.4791361872950453, 0.5079193467509482, -1.9980591118079158, -0.5079603477584014, -0.4791361872950453, 0.4635784672910604, -1.9980591118079158, -0.5079603477584014, -0.4791361872950453, 0.39975722865039065, -1.9980591118079158, -0.5079603477584014, -0.4791361872950453, 0.3721093084538573
-2.0, -0.5, -0.5, 0.1
-2.0, -0.5, -0.5, 0.1, -2.0, -0.5, -0.5, 0.05622576953331915, -2.0, -0.5, -0.5, 0.04703580097868726, -2.0449238672006165, -0.5372725937704308, -0.51779680427677, 0.08883326903924196, -2.0449238672006165, -0.5372725937704308, -0.51779680427677, 0.08841646869378829, -2.0449238672006165, -0.5372725937704308, -0.51779680427677, 0.08820312346680376, -2.0449238672006165, -0.5372725937704308, -0.51779680427677, 0.08816916174917197
-2.0, -0.5, -0.5, 0.1
-2.0, -0.5, -0.5, 0.1, -1.9289363878197818, -0.514575673476863, -0.5031653842995965, 0.0008779130037254261, -1.9289363878197818, -0.514575673476863, -0.5031653842995965, 0.0008271830137866349
-2.0, -0.5, -0.5, 0.1, -2.0, -0.5, -0.5, 0.2162756744311462, -2.0, -0.5, -0.5, 0.21569530375035903, -2.0, -0.5, -0.5, 0.2149737705838249, -2.0, -0.5, -0.5, 0.2141271489909162, -2.0, -0.5, -0.5, 0.21316658341616385, -2.0, -0.5, -0.5, 0.21209901353494406, -2.0, -0.5, -0.5, 0.2109292212759418, -2.0, -0.5, -0.5, 0.08808349572952642, -2.0, -0.5, -0.5, 0.08800485672833493, -2.0, -0.5, -0.5, 0.087889886804296, -2.0, -0.5, -0.5, 0.08771810215504246, -2.0, -0.5, -0.5, 0.08748187417736929, -2.0, -0.5, -0.5, 0.08718035070210362, -2.0, -0.5, -0.5, 0.08681602157746385, -2.0, -0.5, -0.5, 0.08639284392657322, -2.0, -0.5, -0.5, 0.08591525498169912, -2.0, -0.5, -0.5, 0.08538768018108386, -2.0, -0.5, -0.5, 0.08481431124947697, -2.0, -0.5, -0.5, 0.08419902581093362, -1.9890957214961051, -0.5125371492940525, -0.4801906700770431, 0.004851674349451163, -1.9890957214961051, -0.5125371492940525, -0.4801906700770431, 0.0034972368401592698, -1.9537683211577952, -0.5555120846362475, -0.5142011703181906, 0.014558937135569454, -1.9537683211577952, -0.5555120846362475, -0.5142011703181906, 0.013904963136427534, -1.9537683211577952, -0.5555120846362475, -0.5142011703181906, 0.013381305873319408, -2.0760901559534575, -0.5310477389326024, -0.4487587936040522, 0.02781864073203095, -2.0760901559534575, -0.5310477389326024, -0.4487587936040522, 0.02766931142169133, -2.0760901559534575, -0.5310477389326024, -0.4487587936040522, 0.027575359876627126, -2.0760901559534575, -0.5310477389326024, -0.4487587936040522, 0.027513620838012728, -2.0760901559534575, -0.5310477389326024, -0.4487587936040522, 0.02746634694905533, -2.0760901559534575, -0.5310477389326024, -0.4487587936040522, 0.027421894972655694, -2.0760901559534575, -0.5310477389326024, -0.4487587936040522, 0.027373039146815433, -2.0760901559534575, -0.5310477389326024, -0.4487587936040522, 0.027315422505611767, -2.0760901559534575, -0.5310477389326024, -0.4487587936040522, 0.027246528375902475, -2.0760901559534575, -0.5310477389326024, -0.4487587936040522, 0.027165019252937905, -2.0760901559534575, -0.5310477389326024, -0.4487587936040522, 0.02707031342594999, -2.0760901559534575, -0.5310477389326024, -0.4487587936040522, 0.02696231155708907, -2.0760901559534575, -0.5310477389326024, -0.4487587936040522, 0.026841221608929947, -2.0760901559534575, -0.5310477389326024, -0.4487587936040522, 0.026707444175612823, -2.052371533453108, -0.5276694558526993, -0.46292098193317605, 0.05643712048410977, -2.052371533453108, -0.5276694558526993, -0.46292098193317605, 0.04965336528253606, -2.052371533453108, -0.5276694558526993, -0.46292098193317605, 0.041770306421052, -2.052371533453108, -0.5276694558526993, -0.46292098193317605, 0.03367276072063909, -2.052371533453108, -0.5276694558526993, -0.46292098193317605, 0.02590842712381455, -2.052371533453108, -0.5276694558526993, -0.46292098193317605, 0.019801319605467767, -2.052371533453108, -0.5276694558526993, -0.46292098193317605, 0.015346325369470712, -2.052371533453108, -0.5276694558526993, -0.46292098193317605, 0.011650248289239166, -2.052371533453108, -0.5276694558526993, -0.46292098193317605, 0.008522190752705308, -2.052371533453108, -0.5276694558526993, -0.46292098193317605, 0.0074310187460562924, -2.052371533453108, -0.5276694558526993, -0.46292098193317605, 0.007127704394157355, -1.877055289246337, -0.5022555940346964, -0.45297243306765334, 0.010349037825357298, -1.9446600395398672, -0.5217530246972297, -0.4386855312762933, 0.01055459596330318, -1.9446600395398672, -0.5217530246972297, -0.4386855312762933, 0.009726386492349757, -1.9446600395398672, -0.5217530246972297, -0.4386855312762933, 0.009682277103660156, -2.0375679102003437, -0.5575243632184274, -0.43849999560132996, 0.009160051871165809, -1.9538131007206665, -0.5765321546200483, -0.42717010993207744, 0.00964428896845549, -1.9538131007206665, -0.5765321546200483, -0.42717010993207744, 0.009387586575781306, -1.9538131007206665, -0.5765321546200483, -0.42717010993207744, 0.0092004766327026, -1.9538131007206665, -0.5765321546200483, -0.42717010993207744, 0.009064516236554479, -1.9538131007206665, -0.5765321546200483, -0.42717010993207744, 0.008961179578358253, -1.9538131007206665, -0.5765321546200483, -0.42717010993207744, 0.008877767815529191, -1.9538131007206665, -0.5765321546200483, -0.42717010993207744, 0.008806054561497714, -1.9538131007206665, -0.5765321546200483, -0.42717010993207744, 0.00874075693906715, -1.9538131007206665, -0.5765321546200483, -0.42717010993207744, 0.008678483187584358, -1.9538131007206665, -0.5765321546200483, -0.42717010993207744, 0.008617061560966678, -1.9538131007206665, -0.5765321546200483, -0.42717010993207744, 0.008555115953253372
-2.0, -0.5, -0.5, 0.1
-2.0, -0.5, -0.5, 0.1
-2.0, -0.5, -0.5, 0.1, -2.0, -0.5, -0.5, 0.12005261748347269, -1.9813742034503035, -0.4890272564317363, -0.4837888590592747, 0.2232448535913815, -2.1461522839241316, -0.489052056037703, -0.4879094461501322, 0.22237468075520922, -2.1461522839241316, -0.489052056037703, -0.4879094461501322, 0.22054773745630196, -2.1461522839241316, -0.489052056037703, -0.4879094461501322, 0.2193763784811719, -2.1461522839241316, -0.489052056037703, -0.4879094461501322, 0.21821836249605817, -2.1461522839241316, -0.489052056037703, -0.4879094461501322, 0.21729451648070286, -2.1461522839241316, -0.489052056037703, -0.4879094461501322, 0.21683688191612144, -2.1461522839241316, -0.489052056037703, -0.4879094461501322, 0.2167072144345229
-2.0, -0.5, -0.5, 0.1
-2.0, -0.5, -0.5, 0.1, -1.9334280704970404, -0.4795680003528262, -0.4929934356290984, 0.35120176381009544, -1.9334280704970404, -0.4795680003528262, -0.4929934356290984, 0.309016245007778
-2.0, -0.5, -0.5, 0.1, -2.0, -0.5, -0.5, 0.22363831568352013, -2.0, -0.5, -0.5, 0.1535156991945375, -2.0, -0.5, -0.5, 0.1021915747523371, -2.0, -0.5, -0.5, 0.07985775050179221
-2.0, -0.5, -0.5, 0.1
-2.0, -0.5, -0.5, 0.1, -2.0, -0.5, -0.5, 0.0009515036612371574, -2.0110596503026517, -0.5070184514120332, -0.4972861531256221, 0.05150275332425545
-2.0, -0.5, -0.5, 0.1, -2.0, -0.5, -0.5, 0.050938730023046594, -1.963470832233163, -0.49077984905786, -0.46396383713508144, 0.06077548551985033, -1.963470832233163, -0.49077984905786, -0.46396383713508144, 0.06058110932417609
-2.0, -0.5, -0.5, 0.1
-2.0, -0.5, -0.5, 0.1
-2.0, -0.5, -0.5, 0.1
-2.0, -0.5, -0.5, 0.1
