-2.0, -0.5, -0.5, 0.1
-2.0, -0.5, -0.5, 0.1
-2.0, -0.5, -0.5, 0.1
-2.0, -0.5, -0.5, 0.1, -1.9803670301082636, -0.47980562763193874, -0.5238880720042837, 0.0008275910690382429, -1.9803670301082636, -0.47980562763193874, -0.5238880720042837, 0.0008182502283159061
-2.0, -0.5, -0.5, 0.1, -1.9066632374971126, -0.48708857717720283, -0.5166823933185256, 0.04992575390943045, -1.9066632374971126, -0.48708857717720283, -0.5166823933185256, 0.043234928073455664, -1.9066632374971126, -0.48708857717720283, -0.5166823933185256, 0.043234928073455664, -1.9066632374971126, -0.48708857717720283, -0.5166823933185256, 0.04299830845065787
-2.0, -0.5, -0.5, 0.1, -2.0, -0.5, -0.5, 0.0029376103585581088
-2.0, -0.5, -0.5, 0.1
-2.0, -0.5, -0.5, 0.1, -2.0, -0.5, -0.5, 0.3022311500141859, -2.0, -0.5, -0.5, 0.23775984328058472, -2.0, -0.5, -0.5, 0.18485630646984477, -2.0, -0.5, -0.5, 0.14710655718199503, -2.0, -0.5, -0.5, 0.12741812150080176, -2.0, -0.5, -0.5, 0.20255266109178266, -2.0, -0.5, -0.5, 0.14933421038272388, -2.0, -0.5, -0.5, 0.10665873433347985, -2.0, -0.5, -0.5, 0.078623381788927
-2.0, -0.5, -0.5, 0.1, -1.9980591118079158, -0.5079603477584014, -0.4791361872950453, 0.5079193467509482, -1.9980591118079158, -0.5079603477584014, -0.4791361872950453, 0.4635784672910604, -1.9980591118079158, -0.5079603477584014, -0.4791361872950453, 0.39975722865039065, -1.9980591118079158, -0.5079603477584014, -0.4791361872950453, 0.3721093084538573, -1.9981644023431742, -0.5075285097577668, -0.4802680206567994, 0.28876999963696026, -1.9981644023431742, -0.5075285097577668, -0.4802680206567994, 0.2620662284032614
-2.0, -0.5, -0.5, 0.1
-2.0, -0.5, -0.5, 0.1, -2.0, -0.5, -0.5, 0.05622576953331915, -2.0, -0.5, -0.5, 0.04703580097868726, -2.0449238672006165, -0.5372725937704308, -0.51779680427677, 0.08883326903924196, -2.0449238672006165, -0.5372725937704308, -0.51779680427677, 0.08841646869378829, -2.0449238672006165, -0.5372725937704308, -0.51779680427677, 0.08820312346680376, -2.0449238672006165, -0.5372725937704308, -0.51779680427677, 0.08816916174917197
-2.0, -0.5, -0.5, 0.1
-2.0, -0.5, -0.5, 0.1, -1.9289363878197818, -0.514575673476863, -0.5031653842995965, 0.0008779130037254261, -1.9289363878197818, -0.514575673476863, -0.5031653842995965, 0.0008271830137866349
-2.0, -0.5, -0.5, 0.1, -2.0, -0.5, -0.5, 0.2162756744311462, -2.0, -0.5, -0.5, 0.21569530375035903, -2.0, -0.5, -0.5, 0.2149737705838249, -2.0, -0.5, -0.5, 0.2141271489909162, -2.0, -0.5, -0.5, 0.21316658341616385, -2.0, -0.5, -0.5, 0.21209901353494406, -2.0, -0.5, -0.5, 0.2109292212759418, -2.0, -0.5, -0.5, 0.08808349572952642, -2.0, -0.5, -0.5, 0.08800485672833493, -2.0, -0.5, -0.5, 0.087889886804296, -2.0, -0.5, -0.5, 0.08771810215504246, -2.0, -0.5, -0.5, 0.08748187417736929, -2.0, -0.5, -0.5, 0.08718035070210362, -2.0, -0.5, -0.5, 0.08681602157746385, -2.0, -0.5, -0.5, 0.08639284392657322, -2.0, -0.5, -0.5, 0.08591525498169912, -2.0, -0.5, -0.5, 0.08538768018108386, -2.0, -0.5, -0.5, 0.08481431124947697, -2.0, -0.5, -0.5, 0.08419902581093362, -1.9890957214961051, -0.5125371492940525, -0.4801906700770431, 0.004851674349451163, -1.9890957214961051, -0.5125371492940525, -0.4801906700770431, 0.0034972368401592698, -1.9537683211577952, -0.5555120846362475, -0.5142011703181906, 0.014558937135569454, -1.9537683211577952, -0.5555120846362475, -0.5142011703181906, 0.013904963136427534, -1.9537683211577952, -0.5555120846362475, -0.5142011703181906, 0.013381305873319408, -2.0760901559534575, -0.5310477389326024, -0.4487587936040522, 0.02781864073203095, -2.0760901559534575, -0.5310477389326024, -0.4487587936040522, 0.02766931142169133, -2.0760901559534575, -0.5310477389326024, -0.4487587936040522, 0.027575359876627126, -2.0760901559534575, -0.5310477389326024, -0.4487587936040522, 0.027513620838012728, -2.0760901559534575, -0.5310477389326024, -0.4487587936040522, 0.02746634694905533, -2.0760901559534575, -0.5310477389326024, -0.4487587936040522, 0.027421894972655694, -2.0760901559534575, -0.5310477389326024, -0.4487587936040522, 0.027373039146815433, -2.0760901559534575, -0.5310477389326024, -0.4487587936040522, 0.027315422505611767, -2.0760901559534575, -0.5310477389326024, -0.4487587936040522, 0.027246528375902475, -2.0760901559534575, -0.5310477389326024, -0.4487587936040522, 0.027165019252937905, -2.0760901559534575, -0.5310477389326024, -0.4487587936040522, 0.02707031342594999, -2.0760901559534575, -0.5310477389326024, -0.4487587936040522, 0.02696231155708907, -2.0760901559534575, -0.5310477389326024, -0.4487587936040522, 0.026841221608929947, -2.0760901559534575, -0.5310477389326024, -0.4487587936040522, 0.026707444175612823, -2.052371533453108, -0.5276694558526993, -0.46292098193317605, 0.05643712048410977, -2.052371533453108, -0.5276694558526993, -0.46292098193317605, 0.04965336528253606, -2.052371533453108, -0.5276694558526993, -0.46292098193317605, 0.041770306421052, -2.052371533453108, -0.5276694558526993, -0.46292098193317605, 0.03367276072063909, -2.052371533453108, -0.5276694558526993, -0.46292098193317605, 0.02590842712381455, -2.052371533453108, -0.5276694558526993, -0.46292098193317605, 0.019801319605467767, -2.052371533453108, -0.5276694558526993, -0.46292098193317605, 0.015346325369470712, -2.052371533453108, -0.5276694558526993, -0.46292098193317605, 0.011650248289239166, -2.052371533453108, -0.5276694558526993, -0.46292098193317605, 0.008522190752705308, -2.052371533453108, -0.5276694558526993, -0.46292098193317605, 0.0074310187460562924, -2.052371533453108, -0.5276694558526993, -0.46292098193317605, 0.007127704394157355, -1.877055289246337, -0.5022555940346964, -0.45297243306765334, 0.010349037825357298, -1.9446600395398672, -0.5217530246972297, -0.4386855312762933, 0.01055459596330318, -1.9446600395398672, -0.5217530246972297, -0.4386855312762933, 0.009726386492349757, -1.9446600395398672, -0.5217530246972297, -0.4386855312762933, 0.009682277103660156, -2.0375679102003437, -0.5575243632184274, -0.43849999560132996, 0.009160051871165809, -1.9538131007206665, -0.5765321546200483, -0.42717010993207744, 0.00964428896845549, -1.9538131007206665, -0.5765321546200483, -0.42717010993207744, 0.009387586575781306, -1.9538131007206665, -0.5765321546200483, -0.42717010993207744, 0.0092004766327026, -1.9538131007206665, -0.5765321546200483, -0.42717010993207744, 0.009064516236554479, -1.9538131007206665, -0.5765321546200483, -0.42717010993207744, 0.008961179578358253, -1.9538131007206665, -0.5765321546200483, -0.42717010993207744, 0.008877767815529191, -1.9538131007206665, -0.5765321546200483, -0.42717010993207744, 0.008806054561497714, -1.9538131007206665, -0.5765321546200483, -0.42717010993207744, 0.00874075693906715, -1.9538131007206665, -0.5765321546200483, -0.42717010993207744, 0.008678483187584358, -1.9538131007206665, -0.5765321546200483, -0.42717010993207744, 0.008617061560966678, -1.9538131007206665, -0.5765321546200483, -0.42717010993207744, 0.008555115953253372, -2.028809116724863, -0.5508556308615228, -0.4583898771432159, 0.029835944967422402, -2.019606751308514, -0.5776950602885751, -0.4499885605665449, 0.05484639389632093, -2.019606751308514, -0.5776950602885751, -0.4499885605665449, 0.048780875052638444, -2.019606751308514, -0.5776950602885751, -0.4499885605665449, 0.04011900123416437, -2.019606751308514, -0.5776950602885751, -0.4499885605665449, 0.03279399817744801, -2.019606751308514, -0.5776950602885751, -0.4499885605665449, 0.026946119323807985, -2.019606751308514, -0.5776950602885751, -0.4499885605665449, 0.022602567139061582, -2.019606751308514, -0.5776950602885751, -0.4499885605665449, 0.01615224490145236, -2.019606751308514, -0.5776950602885751, -0.4499885605665449, 0.014413806577918268, -2.019606751308514, -0.5776950602885751, -0.4499885605665449, 0.010833661601679269, -2.019606751308514, -0.5776950602885751, -0.4499885605665449, 0.00902448144480026, -2.019606751308514, -0.5776950602885751, -0.4499885605665449, 0.006414734887254246, -2.019606751308514, -0.5776950602885751, -0.4499885605665449, 0.0059629639351531675, -2.019606751308514, -0.5776950602885751, -0.4499885605665449, 0.005816825686305407, -2.019606751308514, -0.5776950602885751, -0.4499885605665449, 0.005289017192556026, -2.019606751308514, -0.5776950602885751, -0.4499885605665449, 0.005246145342370398, -2.019606751308514, -0.5776950602885751, -0.4499885605665449, 0.004694529969292679, -2.0910919116149462, -0.6018168147195305, -0.44091842157774874, 0.0045453254659738995, -2.0910919116149462, -0.6018168147195305, -0.44091842157774874, 0.004033221261694578, -2.040818119680804, -0.5775349476385115, -0.4730904460847346, 0.004218774076073979, -2.090308588787971, -0.5748391385480239, -0.47762557618317836, 0.003248769329944515, -1.9663372792413056, -0.5847544304232413, -0.4587707179437119, 0.0042363217659373694, -1.9663372792413056, -0.5847544304232413, -0.4587707179437119, 0.004048520810412054, -1.9571361443484405, -0.5635076118921167, -0.46020887454037607, 0.004484650249544578, -1.9571361443484405, -0.5635076118921167, -0.46020887454037607, 0.004251715755248532, -1.9571361443484405, -0.5635076118921167, -0.46020887454037607, 0.004149589373619755, -1.9571361443484405, -0.5635076118921167, -0.46020887454037607, 0.0041204610047592795, -1.9571361443484405, -0.5635076118921167, -0.46020887454037607, 0.004118230899599459, -2.111393530861323, -0.6211885658836744, -0.4448389107281078, 0.11415652508497588, -2.111393530861323, -0.6211885658836744, -0.4448389107281078, 0.11354832574878604, -2.111393530861323, -0.6211885658836744, -0.4448389107281078, 0.1132059080077324, -2.111393530861323, -0.6211885658836744, -0.4448389107281078, 0.11303362451389552, -2.111393530861323, -0.6211885658836744, -0.4448389107281078, 0.1129430934956767, -2.111393530861323, -0.6211885658836744, -0.4448389107281078, 0.11287555224175858, -2.111393530861323, -0.6211885658836744, -0.4448389107281078, 0.11279495729207421, -2.111393530861323, -0.6211885658836744, -0.4448389107281078, 0.11268002650933054, -2.111393530861323, -0.6211885658836744, -0.4448389107281078, 0.11251868860418868, -2.111393530861323, -0.6211885658836744, -0.4448389107281078, 0.11230457346650476, -2.111393530861323, -0.6211885658836744, -0.4448389107281078, 0.11203483859337202, -2.111393530861323, -0.6211885658836744, -0.4448389107281078, 0.11170882721660563, -2.111393530861323, -0.6211885658836744, -0.4448389107281078, 0.11132723177528354, -2.111393530861323, -0.6211885658836744, -0.4448389107281078, 0.11089156771592235, -2.111393530861323, -0.6211885658836744, -0.4448389107281078, 0.11040384022582478, -2.111393530861323, -0.6211885658836744, -0.4448389107281078, 0.1098663328018455, -2.111393530861323, -0.6211885658836744, -0.4448389107281078, 0.10933428437960037
-2.0, -0.5, -0.5, 0.1, -2.0, -0.5, -0.5, 0.002534945635465196
-2.0, -0.5, -0.5, 0.1
-2.0, -0.5, -0.5, 0.1, -2.0, -0.5, -0.5, 0.12005261748347269, -1.9813742034503035, -0.4890272564317363, -0.4837888590592747, 0.2232448535913815, -2.1461522839241316, -0.489052056037703, -0.4879094461501322, 0.22237468075520922, -2.1461522839241316, -0.489052056037703, -0.4879094461501322, 0.22054773745630196, -2.1461522839241316, -0.489052056037703, -0.4879094461501322, 0.2193763784811719, -2.1461522839241316, -0.489052056037703, -0.4879094461501322, 0.21821836249605817, -2.1461522839241316, -0.489052056037703, -0.4879094461501322, 0.21729451648070286, -2.1461522839241316, -0.489052056037703, -0.4879094461501322, 0.21683688191612144, -2.1461522839241316, -0.489052056037703, -0.4879094461501322, 0.2167072144345229, -2.1112362543274217, -0.4902692759971909, -0.48879094682158736, 0.06036057037721437, -2.1112362543274217, -0.4902692759971909, -0.48879094682158736, 0.05495740365881113
-2.0, -0.5, -0.5, 0.1
-2.0, -0.5, -0.5, 0.1, -1.9334280704970404, -0.4795680003528262, -0.4929934356290984, 0.35120176381009544, -1.9334280704970404, -0.4795680003528262, -0.4929934356290984, 0.309016245007778
-2.0, -0.5, -0.5, 0.1, -2.0, -0.5, -0.5, 0.22363831568352013, -2.0, -0.5, -0.5, 0.1535156991945375, -2.0, -0.5, -0.5, 0.1021915747523371, -2.0, -0.5, -0.5, 0.07985775050179221
-2.0, -0.5, -0.5, 0.1
-2.0, -0.5, -0.5, 0.1, -2.0, -0.5, -0.5, 0.0009515036612371574, -2.0110596503026517, -0.5070184514120332, -0.4972861531256221, 0.05150275332425545
-2.0, -0.5, -0.5, 0.1, -2.0, -0.5, -0.5, 0.050938730023046594, -1.963470832233163, -0.49077984905786, -0.46396383713508144, 0.06077548551985033, -1.963470832233163, -0.49077984905786, -0.46396383713508144, 0.06058110932417609, -1.9837196785701936, -0.4958907626385717, -0.4839394010210563, 0.02181127424681822, -1.9837196785701936, -0.4958907626385717, -0.4839394010210563, 0.008822367301396144
-2.0, -0.5, -0.5, 0.1
-2.0, -0.5, -0.5, 0.1
-2.0, -0.5, -0.5, 0.1
-2.0, -0.5, -0.5, 0.1
