-2.0, -0.5, -0.5, 0.1
-2.0, -0.5, -0.5, 0.1
-2.0, -0.5, -0.5, 0.1
-2.0, -0.5, -0.5, 0.1, -1.9803670301082636, -0.47980562763193874, -0.5238880720042837, 0.0008275910690382429, -1.9803670301082636, -0.47980562763193874, -0.5238880720042837, 0.0008182502283159061
-2.0, -0.5, -0.5, 0.1, -1.9066632374971126, -0.48708857717720283, -0.5166823933185256, 0.04992575390943045, -1.9066632374971126, -0.48708857717720283, -0.5166823933185256, 0.043234928073455664, -1.9066632374971126, -0.48708857717720283, -0.5166823933185256, 0.043234928073455664, -1.9066632374971126, -0.48708857717720283, -0.5166823933185256, 0.04299830845065787, -1.889929042238721, -0.5115694998011548, -0.4944365411751119, 0.023838853195132768, -1.889929042238721, -0.5115694998011548, -0.4944365411751119, 0.028292459526997008, -1.889929042238721, -0.5115694998011548, -0.4944365411751119, 0.02953832025030088
-2.0, -0.5, -0.5, 0.1, -2.0, -0.5, -0.5, 0.0029376103585581088, -2.0248774083458594, -0.5172543453058417, -0.48874672242431405, 0.27415652499540893
-2.0, -0.5, -0.5, 0.1
-2.0, -0.5, -0.5, 0.1, -2.0, -0.5, -0.5, 0.3022311500141859, -2.0, -0.5, -0.5, 0.23775984328058472, -2.0, -0.5, -0.5, 0.18485630646984477, -2.0, -0.5, -0.5, 0.14710655718199503, -2.0, -0.5, -0.5, 0.12741812150080176, -2.0, -0.5, -0.5, 0.20255266109178266, -2.0, -0.5, -0.5, 0.14933421038272388, -2.0, -0.5, -0.5, 0.10665873433347985, -2.0, -0.5, -0.5, 0.078623381788927, -2.0, -0.5, -0.5, 0.2007705693742802, -2.0, -0.5, -0.5, 0.13975811804108476, -2.0, -0.5, -0.5, 0.0956110517950883, -2.0, -0.5, -0.5, 0.0728880144948736, -2.0, -0.5, -0.5, 0.2671718556729142, -2.0, -0.5, -0.5, 0.1975986351383093, -2.0, -0.5, -0.5, 0.14312680421250232, -2.0, -0.5, -0.5, 0.10502401299667649, -2.0, -0.5, -0.5, 0.09962129470558208
-2.0, -0.5, -0.5, 0.1, -1.9980591118079158, -0.5079603477584014, -0.4791361872950453, 0.5079193467509482, -1.9980591118079158, -0.5079603477584014, -0.4791361872950453, 0.4635784672910604, -1.9980591118079158, -0.5079603477584014, -0.4791361872950453, 0.39975722865039065, -1.9980591118079158, -0.5079603477584014, -0.4791361872950453, 0.3721093084538573, -1.9981644023431742, -0.5075285097577668, -0.4802680206567994, 0.28876999963696026, -1.9981644023431742, -0.5075285097577668, -0.4802680206567994, 0.2620662284032614, -1.9981644023431735, -0.5075285097577668, -0.48026802065679935, 0.25528536620578, -1.9730676298068228, -0.5303687371657718, -0.4679801855036106, 0.43524683758840377, -1.9730676298068228, -0.5303687371657718, -0.4679801855036106, 0.3690689226117612, -1.9730676298068228, -0.5303687371657718, -0.4679801855036106, 0.34581452457487116
-2.0, -0.5, -0.5, 0.1
-2.0, -0.5, -0.5, 0.1, -2.0, -0.5, -0.5, 0.05622576953331915, -2.0, -0.5, -0.5, 0.04703580097868726, -2.0449238672006165, -0.5372725937704308, -0.51779680427677, 0.08883326903924196, -2.0449238672006165, -0.5372725937704308, -0.51779680427677, 0.08841646869378829, -2.0449238672006165, -0.5372725937704308, -0.51779680427677, 0.08820312346680376, -2.0449238672006165, -0.5372725937704308, -0.51779680427677, 0.08816916174917197, -2.028526731591145, -0.5236681600327647, -0.5113010007913252, 0.11017062991240946, -2.133253332005096, -0.5552377595383616, -0.5236837975952376, 0.2053576734280073, -2.133253332005096, -0.5552377595383616, -0.5236837975952376, 0.2035182148829614, -2.133253332005096, -0.5552377595383616, -0.5236837975952376, 0.20216274380219795, -2.133253332005096, -0.5552377595383616, -0.5236837975952376, 0.20102005185388597, -2.133253332005096, -0.5552377595383616, -0.5236837975952376, 0.2001846119376416, -2.133253332005096, -0.5552377595383616, -0.5236837975952376, 0.19953914372448373, -2.133253332005096, -0.5552377595383616, -0.5236837975952376, 0.19896720722956532, -2.133253332005096, -0.5552377595383616, -0.5236837975952376, 0.19838937463505354, -2.133253332005096, -0.5552377595383616, -0.5236837975952376, 0.19775750521721913, -2.133253332005096, -0.5552377595383616, -0.5236837975952376, 0.19704428533903431, -2.133253332005096, -0.5552377595383616, -0.5236837975952376, 0.19623554892166756, -2.133253332005096, -0.5552377595383616, -0.5236837975952376, 0.19532528837789137, -2.133253332005096, -0.5552377595383616, -0.5236837975952376, 0.1943125336680734, -2.133253332005096, -0.5552377595383616, -0.5236837975952376, 0.1931994044499155, -2.133253332005096, -0.5552377595383616, -0.5236837975952376, 0.1919898776912767, -2.133253332005096, -0.5552377595383616, -0.5236837975952376, 0.19068905024147642, -2.133253332005096, -0.5552377595383616, -0.5236837975952376, 0.18930260263125312, -2.133253332005096, -0.5552377595383616, -0.5236837975952376, 0.1878364922581917, -2.128087642350868, -0.5538847030418277, -0.5231804066548775, 0.06668297613816254, -2.128087642350868, -0.5538847030418277, -0.5231804066548775, 0.06173016532880808, -2.3899126026398916, -0.49419863625075056, -0.5847693419543187, 0.112675938581901, -2.3883024514333697, -0.516838707499895, -0.5768003910068614, 0.11597369631287402, -2.3883024514333697, -0.516838707499895, -0.5768003910068614, 0.1159343928615396, -2.3883024514333697, -0.516838707499895, -0.5768003910068614, 0.11550898998699664, -2.3883024514333697, -0.516838707499895, -0.5768003910068614, 0.11534207089464052, -2.3883024514333697, -0.516838707499895, -0.5768003910068614, 0.11482432722473561, -2.2298136898277687, -0.5100590728314756, -0.550546317639948, 0.1148318142050492, -2.2298136898277687, -0.5100590728314756, -0.550546317639948, 0.1142656563709539, -2.2298136898277687, -0.5100590728314756, -0.550546317639948, 0.11378021853577806, -2.2298136898277687, -0.5100590728314756, -0.550546317639948, 0.11324895321068758, -2.2298136898277687, -0.5100590728314756, -0.550546317639948, 0.11265101475179061, -2.2298136898277687, -0.5100590728314756, -0.550546317639948, 0.11199297425858679, -2.2298136898277687, -0.5100590728314756, -0.550546317639948, 0.11128305607596256, -2.2298136898277687, -0.5100590728314756, -0.550546317639948, 0.1105278205840328, -2.2298136898277687, -0.5100590728314756, -0.550546317639948, 0.1097321259273056, -2.247191914758206, -0.523986883586158, -0.5506516166790274, 0.09820260183163938, -2.247191914758206, -0.523986883586158, -0.5506516166790274, 0.09326289336588767, -1.9964449053989572, -0.5201205448422952, -0.5584847504899956, 0.17150274081960099, -2.2353461252123714, -0.49371848573392446, -0.5974409674814569, 0.1700674855441461, -2.2353461252123714, -0.49371848573392446, -0.5974409674814569, 0.16825632441332938, -2.2353461252123714, -0.49371848573392446, -0.5974409674814569, 0.1669177425091863, -2.2353461252123714, -0.49371848573392446, -0.5974409674814569, 0.1655023219598562, -2.2353461252123714, -0.49371848573392446, -0.5974409674814569, 0.16412435053602145, -2.2353461252123714, -0.49371848573392446, -0.5974409674814569, 0.16276861248185412, -2.2353461252123714, -0.49371848573392446, -0.5974409674814569, 0.16140697723749547, -2.2353461252123714, -0.49371848573392446, -0.5974409674814569, 0.16001938716380865, -2.2353461252123714, -0.49371848573392446, -0.5974409674814569, 0.15859480391869415, -2.2353461252123714, -0.49371848573392446, -0.5974409674814569, 0.15712845106954618, -2.2353461252123714, -0.49371848573392446, -0.5974409674814569, 0.1556194670310771, -2.2353461252123714, -0.49371848573392446, -0.5974409674814569, 0.15406930693239448
-2.0, -0.5, -0.5, 0.1
-2.0, -0.5, -0.5, 0.1, -1.9289363878197818, -0.514575673476863, -0.5031653842995965, 0.0008779130037254261, -1.9289363878197818, -0.514575673476863, -0.5031653842995965, 0.0008271830137866349
-2.0, -0.5, -0.5, 0.1, -2.0, -0.5, -0.5, 0.2162756744311462, -2.0, -0.5, -0.5, 0.21569530375035903, -2.0, -0.5, -0.5, 0.2149737705838249, -2.0, -0.5, -0.5, 0.2141271489909162, -2.0, -0.5, -0.5, 0.21316658341616385, -2.0, -0.5, -0.5, 0.21209901353494406, -2.0, -0.5, -0.5, 0.2109292212759418, -2.0, -0.5, -0.5, 0.08808349572952642, -2.0, -0.5, -0.5, 0.08800485672833493, -2.0, -0.5, -0.5, 0.087889886804296, -2.0, -0.5, -0.5, 0.08771810215504246, -2.0, -0.5, -0.5, 0.08748187417736929, -2.0, -0.5, -0.5, 0.08718035070210362, -2.0, -0.5, -0.5, 0.08681602157746385, -2.0, -0.5, -0.5, 0.08639284392657322, -2.0, -0.5, -0.5, 0.08591525498169912, -2.0, -0.5, -0.5, 0.08538768018108386, -2.0, -0.5, -0.5, 0.08481431124947697, -2.0, -0.5, -0.5, 0.08419902581093362, -1.9890957214961051, -0.5125371492940525, -0.4801906700770431, 0.004851674349451163, -1.9890957214961051, -0.5125371492940525, -0.4801906700770431, 0.0034972368401592698, -1.9537683211577952, -0.5555120846362475, -0.5142011703181906, 0.014558937135569454, -1.9537683211577952, -0.5555120846362475, -0.5142011703181906, 0.013904963136427534, -1.9537683211577952, -0.5555120846362475, -0.5142011703181906, 0.013381305873319408, -2.0760901559534575, -0.5310477389326024, -0.4487587936040522, 0.02781864073203095, -2.0760901559534575, -0.5310477389326024, -0.4487587936040522, 0.02766931142169133, -2.0760901559534575, -0.5310477389326024, -0.4487587936040522, 0.027575359876627126, -2.0760901559534575, -0.5310477389326024, -0.4487587936040522, 0.027513620838012728, -2.0760901559534575, -0.5310477389326024, -0.4487587936040522, 0.02746634694905533, -2.0760901559534575, -0.5310477389326024, -0.4487587936040522, 0.027421894972655694, -2.0760901559534575, -0.5310477389326024, -0.4487587936040522, 0.027373039146815433, -2.0760901559534575, -0.5310477389326024, -0.4487587936040522, 0.027315422505611767, -2.0760901559534575, -0.5310477389326024, -0.4487587936040522, 0.027246528375902475, -2.0760901559534575, -0.5310477389326024, -0.4487587936040522, 0.027165019252937905, -2.0760901559534575, -0.5310477389326024, -0.4487587936040522, 0.02707031342594999, -2.0760901559534575, -0.5310477389326024, -0.4487587936040522, 0.02696231155708907, -2.0760901559534575, -0.5310477389326024, -0.4487587936040522, 0.026841221608929947, -2.0760901559534575, -0.5310477389326024, -0.4487587936040522, 0.026707444175612823, -2.052371533453108, -0.5276694558526993, -0.46292098193317605, 0.05643712048410977, -2.052371533453108, -0.5276694558526993, -0.46292098193317605, 0.04965336528253606, -2.052371533453108, -0.5276694558526993, -0.46292098193317605, 0.041770306421052, -2.052371533453108, -0.5276694558526993, -0.46292098193317605, 0.03367276072063909, -2.052371533453108, -0.5276694558526993, -0.46292098193317605, 0.02590842712381455, -2.052371533453108, -0.5276694558526993, -0.46292098193317605, 0.019801319605467767, -2.052371533453108, -0.5276694558526993, -0.46292098193317605, 0.015346325369470712, -2.052371533453108, -0.5276694558526993, -0.46292098193317605, 0.011650248289239166, -2.052371533453108, -0.5276694558526993, -0.46292098193317605, 0.008522190752705308, -2.052371533453108, -0.5276694558526993, -0.46292098193317605, 0.0074310187460562924, -2.052371533453108, -0.5276694558526993, -0.46292098193317605, 0.007127704394157355, -1.877055289246337, -0.5022555940346964, -0.45297243306765334, 0.010349037825357298, -1.9446600395398672, -0.5217530246972297, -0.4386855312762933, 0.01055459596330318, -1.9446600395398672, -0.5217530246972297, -0.4386855312762933, 0.009726386492349757, -1.9446600395398672, -0.5217530246972297, -0.4386855312762933, 0.009682277103660156, -2.0375679102003437, -0.5575243632184274, -0.43849999560132996, 0.009160051871165809, -1.9538131007206665, -0.5765321546200483, -0.42717010993207744, 0.00964428896845549, -1.9538131007206665, -0.5765321546200483, -0.42717010993207744, 0.009387586575781306, -1.9538131007206665, -0.5765321546200483, -0.42717010993207744, 0.0092004766327026, -1.9538131007206665, -0.5765321546200483, -0.42717010993207744, 0.009064516236554479, -1.9538131007206665, -0.5765321546200483, -0.42717010993207744, 0.008961179578358253, -1.9538131007206665, -0.5765321546200483, -0.42717010993207744, 0.008877767815529191, -1.9538131007206665, -0.5765321546200483, -0.42717010993207744, 0.008806054561497714, -1.9538131007206665, -0.5765321546200483, -0.42717010993207744, 0.00874075693906715, -1.9538131007206665, -0.5765321546200483, -0.42717010993207744, 0.008678483187584358, -1.9538131007206665, -0.5765321546200483, -0.42717010993207744, 0.008617061560966678, -1.9538131007206665, -0.5765321546200483, -0.42717010993207744, 0.008555115953253372, -2.028809116724863, -0.5508556308615228, -0.4583898771432159, 0.029835944967422402, -2.019606751308514, -0.5776950602885751, -0.4499885605665449, 0.05484639389632093, -2.019606751308514, -0.5776950602885751, -0.4499885605665449, 0.048780875052638444, -2.019606751308514, -0.5776950602885751, -0.4499885605665449, 0.04011900123416437, -2.019606751308514, -0.5776950602885751, -0.4499885605665449, 0.03279399817744801, -2.019606751308514, -0.5776950602885751, -0.4499885605665449, 0.026946119323807985, -2.019606751308514, -0.5776950602885751, -0.4499885605665449, 0.022602567139061582, -2.019606751308514, -0.5776950602885751, -0.4499885605665449, 0.01615224490145236, -2.019606751308514, -0.5776950602885751, -0.4499885605665449, 0.014413806577918268, -2.019606751308514, -0.5776950602885751, -0.4499885605665449, 0.010833661601679269, -2.019606751308514, -0.5776950602885751, -0.4499885605665449, 0.00902448144480026, -2.019606751308514, -0.5776950602885751, -0.4499885605665449, 0.006414734887254246, -2.019606751308514, -0.5776950602885751, -0.4499885605665449, 0.0059629639351531675, -2.019606751308514, -0.5776950602885751, -0.4499885605665449, 0.005816825686305407, -2.019606751308514, -0.5776950602885751, -0.4499885605665449, 0.005289017192556026, -2.019606751308514, -0.5776950602885751, -0.4499885605665449, 0.005246145342370398, -2.019606751308514, -0.5776950602885751, -0.4499885605665449, 0.004694529969292679, -2.0910919116149462, -0.6018168147195305, -0.44091842157774874, 0.0045453254659738995, -2.0910919116149462, -0.6018168147195305, -0.44091842157774874, 0.004033221261694578, -2.040818119680804, -0.5775349476385115, -0.4730904460847346, 0.004218774076073979, -2.090308588787971, -0.5748391385480239, -0.47762557618317836, 0.003248769329944515, -1.9663372792413056, -0.5847544304232413, -0.4587707179437119, 0.0042363217659373694, -1.9663372792413056, -0.5847544304232413, -0.4587707179437119, 0.004048520810412054, -1.9571361443484405, -0.5635076118921167, -0.46020887454037607, 0.004484650249544578, -1.9571361443484405, -0.5635076118921167, -0.46020887454037607, 0.004251715755248532, -1.9571361443484405, -0.5635076118921167, -0.46020887454037607, 0.004149589373619755, -1.9571361443484405, -0.5635076118921167, -0.46020887454037607, 0.0041204610047592795, -1.9571361443484405, -0.5635076118921167, -0.46020887454037607, 0.004118230899599459, -2.111393530861323, -0.6211885658836744, -0.4448389107281078, 0.11415652508497588, -2.111393530861323, -0.6211885658836744, -0.4448389107281078, 0.11354832574878604, -2.111393530861323, -0.6211885658836744, -0.4448389107281078, 0.1132059080077324, -2.111393530861323, -0.6211885658836744, -0.4448389107281078, 0.11303362451389552, -2.111393530861323, -0.6211885658836744, -0.4448389107281078, 0.1129430934956767, -2.111393530861323, -0.6211885658836744, -0.4448389107281078, 0.11287555224175858, -2.111393530861323, -0.6211885658836744, -0.4448389107281078, 0.11279495729207421, -2.111393530861323, -0.6211885658836744, -0.4448389107281078, 0.11268002650933054, -2.111393530861323, -0.6211885658836744, -0.4448389107281078, 0.11251868860418868, -2.111393530861323, -0.6211885658836744, -0.4448389107281078, 0.11230457346650476, -2.111393530861323, -0.6211885658836744, -0.4448389107281078, 0.11203483859337202, -2.111393530861323, -0.6211885658836744, -0.4448389107281078, 0.11170882721660563, -2.111393530861323, -0.6211885658836744, -0.4448389107281078, 0.11132723177528354, -2.111393530861323, -0.6211885658836744, -0.4448389107281078, 0.11089156771592235, -2.111393530861323, -0.6211885658836744, -0.4448389107281078, 0.11040384022582478, -2.111393530861323, -0.6211885658836744, -0.4448389107281078, 0.1098663328018455, -2.111393530861323, -0.6211885658836744, -0.4448389107281078, 0.10933428437960037, -2.084875664853108, -0.6822528110091061, -0.48475953562375806, 0.025904093725926627, -2.125593180964153, -0.7281259980715441, -0.48833502023602016, 0.05645212226870416, -2.125593180964153, -0.7281259980715441, -0.48833502023602016, 0.049585122377495114, -2.125593180964153, -0.7281259980715441, -0.48833502023602016, 0.04255672799331109, -2.125593180964153, -0.7281259980715441, -0.48833502023602016, 0.03458739067677864, -2.125593180964153, -0.7281259980715441, -0.48833502023602016, 0.02576915134090987, -2.125593180964153, -0.7281259980715441, -0.48833502023602016, 0.021359537298442244, -2.125593180964153, -0.7281259980715441, -0.48833502023602016, 0.014790112693876667, -2.125593180964153, -0.7281259980715441, -0.48833502023602016, 0.00995693234221267, -2.2073809983918595, -0.7101184826375494, -0.4725068804182371, 0.006793847042076649, -2.2073809983918595, -0.7101184826375494, -0.4725068804182371, 0.004278519378711192, -2.2073809983918595, -0.7101184826375494, -0.4725068804182371, 0.0036970748700299004, -2.2073809983918595, -0.7101184826375494, -0.4725068804182371, 0.003628910799404546, -2.2073809983918595, -0.7101184826375494, -0.4725068804182371, 0.003476723818110831, -2.322360338919713, -0.6615033389663055, -0.4958106122192404, 0.004785840021862156, -2.322360338919713, -0.6615033389663055, -0.4958106122192404, 0.004780979062224557, -2.276629989524167, -0.6721532205323731, -0.46831478999137327, 0.00507705739454986, -2.276629989524167, -0.6721532205323731, -0.46831478999137327, 0.004912312119930522, -2.276629989524167, -0.6721532205323731, -0.46831478999137327, 0.004778112649698808, -2.271636273922682, -0.69498666593816, -0.4521397877437914, 0.005260562189233158, -2.271636273922682, -0.69498666593816, -0.4521397877437914, 0.004605907075665949, -2.3304422928339026, -0.6986934633621473, -0.4519915003872741, 0.004819028006816169, -2.3304422928339026, -0.6986934633621473, -0.4519915003872741, 0.0037938295266946873, -2.2269754662636623, -0.6476634765693655, -0.444316691427562, 0.0035361635433039163, -2.2269754662636623, -0.6476634765693655, -0.444316691427562, 0.0033971812801442637, -2.2269754662636623, -0.6476634765693655, -0.444316691427562, 0.003305690073227747, -2.2269754662636623, -0.6476634765693655, -0.444316691427562, 0.003241103971902937, -2.2269754662636623, -0.6476634765693655, -0.444316691427562, 0.003192202379516684, -2.39779445966675, -0.7239608935282645, -0.4371367325119488, 0.06342462446817622, -2.39779445966675, -0.7239608935282645, -0.4371367325119488, 0.05634568041133014, -2.39779445966675, -0.7239608935282645, -0.4371367325119488, 0.047506868843929094, -2.39779445966675, -0.7239608935282645, -0.4371367325119488, 0.03928016371132297, -2.39779445966675, -0.7239608935282645, -0.4371367325119488, 0.03027761975053412, -2.39779445966675, -0.7239608935282645, -0.4371367325119488, 0.023204129242347448, -2.39779445966675, -0.7239608935282645, -0.4371367325119488, 0.01814746585206905, -2.39779445966675, -0.7239608935282645, -0.4371367325119488, 0.01521057184925507, -2.39779445966675, -0.7239608935282645, -0.4371367325119488, 0.010727039603431956, -2.39779445966675, -0.7239608935282645, -0.4371367325119488, 0.00895183492485434, -2.39779445966675, -0.7239608935282645, -0.4371367325119488, 0.00864843267136881, -2.3009360008187802, -0.7082755493819103, -0.4243998848778238, 0.008515393463370853, -2.4331840447268807, -0.6759244460494302, -0.43079926184442635, 0.013694986515042305, -2.4331840447268807, -0.6759244460494302, -0.43079926184442635, 0.01350865762750379, -2.4331840447268807, -0.6759244460494302, -0.43079926184442635, 0.012754962880287168, -2.4331840447268807, -0.6759244460494302, -0.43079926184442635, 0.012706038086473593, -2.4331840447268807, -0.6759244460494302, -0.43079926184442635, 0.012289076153729294, -2.4331840447268807, -0.6759244460494302, -0.43079926184442635, 0.012168593995949512, -2.2363627142022042, -0.6890573470528035, -0.4184817329186447, 0.011741685467230449, -2.0596551990920116, -0.66674402995157, -0.4195974955825027, 0.012288733772255464, -2.0596551990920116, -0.66674402995157, -0.4195974955825027, 0.012278334265005495, -2.0596551990920116, -0.66674402995157, -0.4195974955825027, 0.012250062863106615, -2.2622955741128363, -0.711117751334653, -0.4606074070657816, 0.016508031918742495, -2.3576211734448904, -0.6900385901867735, -0.43770004971141246, 0.028380696394127748, -2.3576211734448904, -0.6900385901867735, -0.43770004971141246, 0.026640944222481384, -2.3576211734448904, -0.6900385901867735, -0.43770004971141246, 0.02413280817238442, -2.3576211734448904, -0.6900385901867735, -0.43770004971141246, 0.02103174899635565, -2.3576211734448904, -0.6900385901867735, -0.43770004971141246, 0.018478557250920652, -2.3576211734448904, -0.6900385901867735, -0.43770004971141246, 0.016690529926862645, -2.3576211734448904, -0.6900385901867735, -0.43770004971141246, 0.015302739169651544, -2.3576211734448904, -0.6900385901867735, -0.43770004971141246, 0.014074525647967101, -2.3576211734448904, -0.6900385901867735, -0.43770004971141246, 0.0132308479870428, -2.3576211734448904, -0.6900385901867735, -0.43770004971141246, 0.012542804027754564, -2.3576211734448904, -0.6900385901867735, -0.43770004971141246, 0.012219989557224583, -2.3576211734448904, -0.6900385901867735, -0.43770004971141246, 0.012092563100941306, -2.3576211734448904, -0.6900385901867735, -0.43770004971141246, 0.012057465769763258, -2.4260841513312057, -0.696683208901866, -0.44262012981433424, 0.012140217851652995, -2.339252519357105, -0.6907021503388576, -0.44538683166796944, 0.012347258084439428, -2.3589571646549228, -0.6618710870690406, -0.45532535030992455, 0.013534165480927726, -2.3589571646549228, -0.6618710870690406, -0.45532535030992455, 0.013328169700632957, -2.3589571646549228, -0.6618710870690406, -0.45532535030992455, 0.013225544569739069, -2.3589571646549228, -0.6618710870690406, -0.45532535030992455, 0.013223004321668022, -2.4113261900048175, -0.6509950142684271, -0.47432620438536877, 0.013243861500684004, -2.4113261900048175, -0.6509950142684271, -0.47432620438536877, 0.013221426221212815, -2.4113261900048175, -0.6509950142684271, -0.47432620438536877, 0.012825820199162943, -2.4113261900048175, -0.6509950142684271, -0.47432620438536877, 0.012752693433765335, -2.4422269555315594, -0.6710537236596916, -0.49675548355176896, 0.012835623351843087, -2.4422269555315594, -0.6710537236596916, -0.49675548355176896, 0.01255471554952181, -2.4422269555315594, -0.6710537236596916, -0.49675548355176896, 0.012127393270500024, -2.4422269555315594, -0.6710537236596916, -0.49675548355176896, 0.01201877732319578, -2.4422269555315594, -0.6710537236596916, -0.49675548355176896, 0.011933229521822611, -2.4422269555315594, -0.6710537236596916, -0.49675548355176896, 0.011838311073907046, -2.4422269555315594, -0.6710537236596916, -0.49675548355176896, 0.011738643887669868, -2.4422269555315594, -0.6710537236596916, -0.49675548355176896, 0.01164033000291585, -2.4422269555315594, -0.6710537236596916, -0.49675548355176896, 0.011546028287074234, -2.408105304925568, -0.6680520972595115, -0.47524882614552033, 0.03913862782770113, -2.408105304925568, -0.6680520972595115, -0.47524882614552033, 0.024962508460477935, -2.408105304925568, -0.6680520972595115, -0.47524882614552033, 0.019483526477567695, -2.408105304925568, -0.6680520972595115, -0.47524882614552033, 0.01913154642930561, -2.4493233543325155, -0.6343873236490778, -0.4644790784715266, 0.0282725494170015, -2.4493233543325155, -0.6343873236490778, -0.4644790784715266, 0.028176992344881604, -2.44115882572342, -0.6941573351215815, -0.4725689120523391, 0.03243372566870156, -2.44115882572342, -0.6941573351215815, -0.4725689120523391, 0.03233624201889769, -2.3523243438763948, -0.6637042154811216, -0.48526602507986183, 0.03443242906567491, -2.3422804820535537, -0.6962551519013478, -0.49918752590978305, 0.036196042828536425, -2.247563096723366, -0.6915090466011672, -0.4793164818092568, 0.036989511207369666, -2.247563096723366, -0.6915090466011672, -0.4793164818092568, 0.03645054567859385, -2.247563096723366, -0.6915090466011672, -0.4793164818092568, 0.03600273323011621, -2.247563096723366, -0.6915090466011672, -0.4793164818092568, 0.0356230960483226, -2.247563096723366, -0.6915090466011672, -0.4793164818092568, 0.035287180479699115, -2.247563096723366, -0.6915090466011672, -0.4793164818092568, 0.03497658483243508, -2.541286515942309, -0.6920611109766839, -0.45695075232200216, 0.09730070882585708, -2.541286515942309, -0.6920611109766839, -0.45695075232200216, 0.09651770032720898, -2.541286515942309, -0.6920611109766839, -0.45695075232200216, 0.09613535405421472, -2.541286515942309, -0.6920611109766839, -0.45695075232200216, 0.09600155828698122, -2.541286515942309, -0.6920611109766839, -0.45695075232200216, 0.09600098404772571, -2.711748031209328, -0.6826201596642797, -0.4646109369654102, 0.0955960221345028, -2.711748031209328, -0.6826201596642797, -0.4646109369654102, 0.09469360642718906, -2.711748031209328, -0.6826201596642797, -0.4646109369654102, 0.09407311526752156, -2.711748031209328, -0.6826201596642797, -0.4646109369654102, 0.09363309430190614, -2.711748031209328, -0.6826201596642797, -0.4646109369654102, 0.09329615905430244, -2.711748031209328, -0.6826201596642797, -0.4646109369654102, 0.0930113261050985, -2.711748031209328, -0.6826201596642797, -0.4646109369654102, 0.09274621812522962, -2.711748031209328, -0.6826201596642797, -0.4646109369654102, 0.09248059119993304, -2.4735194345962688, -0.6899387703183454, -0.47618034760817074, 0.15841678984074192, -2.6102290275841433, -0.7521888373633191, -0.5102344184462559, 0.16043624853372848, -2.6102290275841433, -0.7521888373633191, -0.5102344184462559, 0.1595387731207071
-2.0, -0.5, -0.5, 0.1, -2.0, -0.5, -0.5, 0.002534945635465196
-2.0, -0.5, -0.5, 0.1
-2.0, -0.5, -0.5, 0.1, -2.0, -0.5, -0.5, 0.12005261748347269, -1.9813742034503035, -0.4890272564317363, -0.4837888590592747, 0.2232448535913815, -2.1461522839241316, -0.489052056037703, -0.4879094461501322, 0.22237468075520922, -2.1461522839241316, -0.489052056037703, -0.4879094461501322, 0.22054773745630196, -2.1461522839241316, -0.489052056037703, -0.4879094461501322, 0.2193763784811719, -2.1461522839241316, -0.489052056037703, -0.4879094461501322, 0.21821836249605817, -2.1461522839241316, -0.489052056037703, -0.4879094461501322, 0.21729451648070286, -2.1461522839241316, -0.489052056037703, -0.4879094461501322, 0.21683688191612144, -2.1461522839241316, -0.489052056037703, -0.4879094461501322, 0.2167072144345229, -2.1112362543274217, -0.4902692759971909, -0.48879094682158736, 0.06036057037721437, -2.1112362543274217, -0.4902692759971909, -0.48879094682158736, 0.05495740365881113, -2.1112362543274217, -0.49026927599719083, -0.48879094682158725, 0.05386089557355547, -2.1112362543274217, -0.49026927599719083, -0.48879094682158725, 0.04755291121914643, -2.1112362543274217, -0.4902692759971908, -0.4887909468215872, 0.08413701480528009, -2.1112362543274217, -0.4902692759971908, -0.4887909468215872, 0.08337475859299341, -2.108551667366552, -0.5122206222232766, -0.4031197143946305, 0.14965716994897246, -2.161544807525666, -0.5371555677519555, -0.4133918185440371, 0.15295065694141805
-2.0, -0.5, -0.5, 0.1
-2.0, -0.5, -0.5, 0.1, -1.9334280704970404, -0.4795680003528262, -0.4929934356290984, 0.35120176381009544, -1.9334280704970404, -0.4795680003528262, -0.4929934356290984, 0.309016245007778, -1.8471918499649362, -0.4974511774099691, -0.49176427154010005, 0.5705205571778347, -1.8471918499649362, -0.4974511774099691, -0.49176427154010005, 0.47957648068439007, -1.8471918499649362, -0.4974511774099691, -0.49176427154010005, 0.4124925841273892, -1.8796802757784452, -0.49225418549357697, -0.492499867860122, 0.33869437909368166, -1.852337423979059, -0.48222250885784584, -0.490166822411739, 0.45539119291890906, -1.852337423979059, -0.48222250885784584, -0.490166822411739, 0.36208932333419014, -1.852337423979059, -0.48222250885784584, -0.490166822411739, 0.33361869307120856, -1.8356189104822807, -0.500853941402519, -0.4809638338299643, 0.41851939102213515, -1.8356189104822807, -0.500853941402519, -0.4809638338299643, 0.3981321951070281, -1.8356189104822807, -0.500853941402519, -0.4809638338299643, 0.36225702341150284, -1.8356189104822807, -0.500853941402519, -0.4809638338299643, 0.33508816926539275
-2.0, -0.5, -0.5, 0.1, -2.0, -0.5, -0.5, 0.22363831568352013, -2.0, -0.5, -0.5, 0.1535156991945375, -2.0, -0.5, -0.5, 0.1021915747523371, -2.0, -0.5, -0.5, 0.07985775050179221, -2.0, -0.5, -0.5, 0.31907827273476014, -2.0, -0.5, -0.5, 0.23806660996676698, -2.0, -0.5, -0.5, 0.17600530765008315, -2.0, -0.5, -0.5, 0.13494672680185296, -2.0, -0.5, -0.5, 0.12033840903065691, -2.0, -0.5, -0.5, 0.24611574208205633, -2.0, -0.5, -0.5, 0.17624096247755405, -2.0, -0.5, -0.5, 0.12147380843444348, -2.0, -0.5, -0.5, 0.08674103137325365, -2.0, -0.5, -0.5, 0.2809048862052314, -2.0, -0.5, -0.5, 0.22421385524097032, -2.0, -0.5, -0.5, 0.1742204382592185, -2.0, -0.5, -0.5, 0.13502073974228262, -2.0, -0.5, -0.5, 0.11518421244644671
-2.0, -0.5, -0.5, 0.1
-2.0, -0.5, -0.5, 0.1, -2.0, -0.5, -0.5, 0.0009515036612371574, -2.0110596503026517, -0.5070184514120332, -0.4972861531256221, 0.05150275332425545, -2.0708610332191846, -0.4900179069101929, -0.5087661959607334, 0.06832085988057815, -2.1323607517044922, -0.4762759177047347, -0.49528522966965666, 0.21203830840852608
-2.0, -0.5, -0.5, 0.1, -2.0, -0.5, -0.5, 0.050938730023046594, -1.963470832233163, -0.49077984905786, -0.46396383713508144, 0.06077548551985033, -1.963470832233163, -0.49077984905786, -0.46396383713508144, 0.06058110932417609, -1.9837196785701936, -0.4958907626385717, -0.4839394010210563, 0.02181127424681822, -1.9837196785701936, -0.4958907626385717, -0.4839394010210563, 0.008822367301396144, -1.983719678570194, -0.4958907626385717, -0.48393940102105626, 0.014696511161703566, -1.983719678570194, -0.4958907626385717, -0.48393940102105626, 0.03323068734973995, -1.983719678570194, -0.4958907626385717, -0.48393940102105626, 0.032292800061212816, -1.924355832373976, -0.4785123602051447, -0.48235346844512583, 0.006010186254613138, -1.982802861449768, -0.4956223700410982, -0.48391490782813457, 0.16041929765026391, -1.982802861449768, -0.4956223700410982, -0.48391490782813457, 0.11112493463596292, -1.982802861449768, -0.4956223700410982, -0.48391490782813457, 0.07228690011130755, -1.982802861449768, -0.4956223700410982, -0.48391490782813457, 0.06300433985364531
-2.0, -0.5, -0.5, 0.1
-2.0, -0.5, -0.5, 0.1
-2.0, -0.5, -0.5, 0.1
-2.0, -0.5, -0.5, 0.1
